0, 5, 17
 0, 5, 19
 0, 5, 22
 0, 5, 27
 0, 5, 28
 0, 5, 30
 0, 5, 31
 0, 5, 34
 0, 5, 36
 0, 5, 38
 0, 5, 46
 0, 9, 17
 0, 9, 30
 0, 9, 34
 0, 9, 36
 0, 9, 38
 0, 9, 43
 0, 9, 46
 0, 17, 5
 0, 17, 9
 0, 17, 19
 0, 17, 31
 0, 17, 34
 0, 17, 36
 0, 17, 38
 0, 17, 43
 0, 17, 46
 0, 19, 5
 0, 19, 17
 0, 19, 36
 0, 19, 38
 0, 19, 46
 0, 22, 5
 0, 22, 36
 0, 22, 43
 0, 22, 46
 0, 24, 28
 0, 24, 34
 0, 24, 36
 0, 24, 46
 0, 27, 5
 0, 27, 46
 0, 28, 5
 0, 28, 24
 0, 28, 34
 0, 28, 36
 0, 28, 43
 0, 28, 46
 0, 30, 5
 0, 30, 9
 0, 31, 5
 0, 31, 17
 0, 31, 36
 0, 31, 38
 0, 31, 43
 0, 31, 46
 0, 33, 36
 0, 33, 38
 0, 33, 43
 0, 33, 46
 0, 34, 5
 0, 34, 9
 0, 34, 17
 0, 34, 24
 0, 34, 28
 0, 34, 36
 0, 34, 38
 0, 34, 43
 0, 34, 46
 0, 36, 5
 0, 36, 9
 0, 36, 17
 0, 36, 19
 0, 36, 22
 0, 36, 24
 0, 36, 28
 0, 36, 31
 0, 36, 33
 0, 36, 34
 0, 36, 38
 0, 36, 43
 0, 36, 46
 0, 37, 38
 0, 38, 5
 0, 38, 9
 0, 38, 17
 0, 38, 19
 0, 38, 31
 0, 38, 33
 0, 38, 34
 0, 38, 36
 0, 38, 37
 0, 38, 43
 0, 38, 46
 0, 43, 9
 0, 43, 17
 0, 43, 22
 0, 43, 28
 0, 43, 31
 0, 43, 33
 0, 43, 34
 0, 43, 36
 0, 43, 38
 0, 43, 46
 0, 46, 5
 0, 46, 9
 0, 46, 17
 0, 46, 19
 0, 46, 22
 0, 46, 24
 0, 46, 27
 0, 46, 28
 0, 46, 31
 0, 46, 33
 0, 46, 34
 0, 46, 36
 0, 46, 38
 0, 46, 43
 1, 4, 17
 1, 4, 27
 1, 4, 30
 1, 4, 36
 1, 4, 37
 1, 4, 38
 1, 4, 40
 1, 7, 15
 1, 7, 18
 1, 7, 27
 1, 7, 29
 1, 7, 30
 1, 7, 36
 1, 7, 38
 1, 15, 7
 1, 15, 24
 1, 15, 27
 1, 15, 29
 1, 15, 30
 1, 15, 36
 1, 15, 38
 1, 15, 40
 1, 15, 41
 1, 17, 4
 1, 17, 36
 1, 17, 38
 1, 17, 40
 1, 18, 7
 1, 18, 27
 1, 18, 30
 1, 18, 36
 1, 18, 38
 1, 18, 40
 1, 18, 41
 1, 20, 27
 1, 20, 36
 1, 20, 38
 1, 20, 40
 1, 20, 41
 1, 23, 36
 1, 23, 38
 1, 23, 40
 1, 23, 41
 1, 24, 15
 1, 24, 36
 1, 25, 36
 1, 25, 38
 1, 25, 40
 1, 25, 41
 1, 27, 4
 1, 27, 7
 1, 27, 15
 1, 27, 18
 1, 27, 20
 1, 29, 7
 1, 29, 15
 1, 29, 36
 1, 29, 41
 1, 30, 4
 1, 30, 7
 1, 30, 15
 1, 30, 18
 1, 35, 38
 1, 35, 40
 1, 35, 41
 1, 36, 4
 1, 36, 7
 1, 36, 15
 1, 36, 17
 1, 36, 18
 1, 36, 20
 1, 36, 23
 1, 36, 24
 1, 36, 25
 1, 36, 29
 1, 36, 38
 1, 36, 41
 1, 37, 4
 1, 37, 38
 1, 37, 40
 1, 37, 41
 1, 38, 4
 1, 38, 7
 1, 38, 15
 1, 38, 17
 1, 38, 18
 1, 38, 20
 1, 38, 23
 1, 38, 25
 1, 38, 35
 1, 38, 36
 1, 38, 37
 1, 40, 4
 1, 40, 15
 1, 40, 17
 1, 40, 18
 1, 40, 20
 1, 40, 23
 1, 40, 25
 1, 40, 35
 1, 40, 37
 1, 41, 15
 1, 41, 18
 1, 41, 20
 1, 41, 23
 1, 41, 25
 1, 41, 29
 1, 41, 35
 1, 41, 36
 1, 41, 37
 2, 4, 17
 2, 4, 27
 2, 4, 30
 2, 4, 34
 2, 4, 36
 2, 4, 37
 2, 4, 38
 2, 4, 46
 2, 9, 17
 2, 9, 30
 2, 9, 34
 2, 9, 36
 2, 9, 38
 2, 9, 46
 2, 15, 24
 2, 15, 27
 2, 15, 29
 2, 15, 30
 2, 15, 36
 2, 15, 38
 2, 15, 41
 2, 17, 4
 2, 17, 9
 2, 17, 34
 2, 17, 36
 2, 17, 38
 2, 17, 46
 2, 18, 27
 2, 18, 30
 2, 18, 36
 2, 18, 38
 2, 18, 41
 2, 20, 27
 2, 20, 36
 2, 20, 38
 2, 20, 41
 2, 20, 46
 2, 22, 36
 2, 22, 46
 2, 23, 36
 2, 23, 38
 2, 23, 41
 2, 23, 46
 2, 24, 15
 2, 24, 28
 2, 24, 34
 2, 24, 36
 2, 24, 46
 2, 25, 36
 2, 25, 38
 2, 25, 41
 2, 25, 46
 2, 26, 27
 2, 26, 28
 2, 26, 30
 2, 26, 36
 2, 26, 38
 2, 26, 46
 2, 27, 4
 2, 27, 15
 2, 27, 18
 2, 27, 20
 2, 27, 26
 2, 27, 46
 2, 28, 24
 2, 28, 26
 2, 28, 34
 2, 28, 36
 2, 28, 46
 2, 29, 15
 2, 29, 36
 2, 29, 41
 2, 29, 46
 2, 30, 4
 2, 30, 9
 2, 30, 15
 2, 30, 18
 2, 30, 26
 2, 33, 36
 2, 33, 38
 2, 33, 46
 2, 34, 4
 2, 34, 9
 2, 34, 17
 2, 34, 24
 2, 34, 28
 2, 34, 36
 2, 34, 38
 2, 34, 41
 2, 34, 46
 2, 35, 38
 2, 35, 41
 2, 36, 4
 2, 36, 9
 2, 36, 15
 2, 36, 17
 2, 36, 18
 2, 36, 20
 2, 36, 22
 2, 36, 23
 2, 36, 24
 2, 36, 25
 2, 36, 26
 2, 36, 28
 2, 36, 29
 2, 36, 33
 2, 36, 34
 2, 36, 38
 2, 36, 41
 2, 36, 46
 2, 37, 4
 2, 37, 38
 2, 37, 41
 2, 38, 4
 2, 38, 9
 2, 38, 15
 2, 38, 17
 2, 38, 18
 2, 38, 20
 2, 38, 23
 2, 38, 25
 2, 38, 26
 2, 38, 33
 2, 38, 34
 2, 38, 35
 2, 38, 36
 2, 38, 37
 2, 38, 46
 2, 41, 15
 2, 41, 18
 2, 41, 20
 2, 41, 23
 2, 41, 25
 2, 41, 29
 2, 41, 34
 2, 41, 35
 2, 41, 36
 2, 41, 37
 2, 46, 4
 2, 46, 9
 2, 46, 17
 2, 46, 20
 2, 46, 22
 2, 46, 23
 2, 46, 24
 2, 46, 25
 2, 46, 26
 2, 46, 27
 2, 46, 28
 2, 46, 29
 2, 46, 33
 2, 46, 34
 2, 46, 36
 2, 46, 38
 3, 5, 19
 3, 5, 27
 3, 5, 28
 3, 5, 29
 3, 5, 30
 3, 5, 31
 3, 5, 36
 3, 5, 38
 3, 5, 46
 3, 9, 30
 3, 9, 36
 3, 9, 38
 3, 9, 46
 3, 19, 5
 3, 19, 36
 3, 19, 38
 3, 19, 46
 3, 24, 28
 3, 24, 36
 3, 24, 46
 3, 26, 27
 3, 26, 28
 3, 26, 30
 3, 26, 36
 3, 26, 38
 3, 26, 46
 3, 27, 5
 3, 27, 26
 3, 27, 46
 3, 28, 5
 3, 28, 24
 3, 28, 26
 3, 28, 36
 3, 28, 46
 3, 29, 5
 3, 29, 36
 3, 29, 46
 3, 30, 5
 3, 30, 9
 3, 30, 26
 3, 31, 5
 3, 31, 36
 3, 31, 38
 3, 31, 46
 3, 36, 5
 3, 36, 9
 3, 36, 19
 3, 36, 24
 3, 36, 26
 3, 36, 28
 3, 36, 29
 3, 36, 31
 3, 36, 38
 3, 36, 46
 3, 38, 5
 3, 38, 9
 3, 38, 19
 3, 38, 26
 3, 38, 31
 3, 38, 36
 3, 38, 46
 3, 46, 5
 3, 46, 9
 3, 46, 19
 3, 46, 24
 3, 46, 26
 3, 46, 27
 3, 46, 28
 3, 46, 29
 3, 46, 31
 3, 46, 36
 3, 46, 38
 4, 5, 17
 4, 5, 19
 4, 5, 27
 4, 5, 30
 4, 5, 31
 4, 5, 34
 4, 5, 36
 4, 5, 38
 4, 5, 40
 4, 5, 42
 4, 5, 46
 4, 5, 47
 4, 17, 5
 4, 17, 19
 4, 17, 31
 4, 17, 34
 4, 17, 36
 4, 17, 38
 4, 17, 40
 4, 17, 42
 4, 17, 43
 4, 17, 46
 4, 17, 47
 4, 17, 48
 4, 19, 5
 4, 19, 17
 4, 19, 36
 4, 19, 38
 4, 19, 42
 4, 19, 46
 4, 19, 47
 4, 27, 5
 4, 27, 42
 4, 27, 46
 4, 27, 47
 4, 27, 48
 4, 30, 5
 4, 30, 47
 4, 30, 48
 4, 31, 5
 4, 31, 17
 4, 31, 36
 4, 31, 38
 4, 31, 42
 4, 31, 43
 4, 31, 46
 4, 31, 47
 4, 31, 48
 4, 34, 5
 4, 34, 17
 4, 34, 36
 4, 34, 38
 4, 34, 39
 4, 34, 42
 4, 34, 43
 4, 34, 46
 4, 34, 47
 4, 34, 48
 4, 36, 5
 4, 36, 17
 4, 36, 19
 4, 36, 31
 4, 36, 34
 4, 36, 38
 4, 36, 42
 4, 36, 43
 4, 36, 46
 4, 36, 47
 4, 36, 48
 4, 37, 38
 4, 37, 40
 4, 37, 47
 4, 37, 48
 4, 38, 5
 4, 38, 17
 4, 38, 19
 4, 38, 31
 4, 38, 34
 4, 38, 36
 4, 38, 37
 4, 38, 42
 4, 38, 43
 4, 38, 46
 4, 38, 47
 4, 38, 48
 4, 39, 34
 4, 39, 47
 4, 39, 48
 4, 40, 5
 4, 40, 17
 4, 40, 37
 4, 40, 42
 4, 40, 46
 4, 40, 47
 4, 40, 48
 4, 42, 5
 4, 42, 17
 4, 42, 19
 4, 42, 27
 4, 42, 31
 4, 42, 34
 4, 42, 36
 4, 42, 38
 4, 42, 40
 4, 42, 47
 4, 42, 48
 4, 43, 17
 4, 43, 31
 4, 43, 34
 4, 43, 36
 4, 43, 38
 4, 43, 46
 4, 46, 5
 4, 46, 17
 4, 46, 19
 4, 46, 27
 4, 46, 31
 4, 46, 34
 4, 46, 36
 4, 46, 38
 4, 46, 40
 4, 46, 43
 4, 46, 48
 4, 47, 5
 4, 47, 17
 4, 47, 19
 4, 47, 27
 4, 47, 30
 4, 47, 31
 4, 47, 34
 4, 47, 36
 4, 47, 37
 4, 47, 38
 4, 47, 39
 4, 47, 40
 4, 47, 42
 4, 47, 48
 4, 48, 17
 4, 48, 27
 4, 48, 30
 4, 48, 31
 4, 48, 34
 4, 48, 36
 4, 48, 37
 4, 48, 38
 4, 48, 39
 4, 48, 40
 4, 48, 42
 4, 48, 46
 4, 48, 47
 5, 11, 20
 5, 11, 23
 5, 11, 27
 5, 11, 28
 5, 11, 29
 5, 11, 30
 5, 11, 36
 5, 11, 40
 5, 11, 41
 5, 11, 42
 5, 11, 46
 5, 17, 19
 5, 17, 31
 5, 17, 34
 5, 17, 36
 5, 17, 38
 5, 17, 40
 5, 17, 42
 5, 17, 46
 5, 17, 47
 5, 19, 17
 5, 19, 36
 5, 19, 38
 5, 19, 42
 5, 19, 46
 5, 19, 47
 5, 20, 11
 5, 20, 27
 5, 20, 36
 5, 20, 38
 5, 20, 40
 5, 20, 41
 5, 20, 42
 5, 20, 46
 5, 20, 47
 5, 21, 36
 5, 21, 38
 5, 21, 41
 5, 21, 46
 5, 21, 47
 5, 22, 36
 5, 22, 42
 5, 22, 46
 5, 23, 11
 5, 23, 36
 5, 23, 38
 5, 23, 40
 5, 23, 41
 5, 23, 42
 5, 23, 46
 5, 23, 47
 5, 25, 36
 5, 25, 38
 5, 25, 40
 5, 25, 41
 5, 25, 42
 5, 25, 46
 5, 25, 47
 5, 27, 11
 5, 27, 20
 5, 27, 42
 5, 27, 46
 5, 27, 47
 5, 28, 11
 5, 28, 34
 5, 28, 36
 5, 28, 42
 5, 28, 46
 5, 29, 11
 5, 29, 36
 5, 29, 41
 5, 29, 42
 5, 29, 46
 5, 29, 47
 5, 30, 11
 5, 30, 47
 5, 31, 17
 5, 31, 36
 5, 31, 38
 5, 31, 41
 5, 31, 42
 5, 31, 46
 5, 31, 47
 5, 34, 17
 5, 34, 28
 5, 34, 36
 5, 34, 38
 5, 34, 41
 5, 34, 42
 5, 34, 46
 5, 34, 47
 5, 36, 11
 5, 36, 17
 5, 36, 19
 5, 36, 20
 5, 36, 21
 5, 36, 22
 5, 36, 23
 5, 36, 25
 5, 36, 28
 5, 36, 29
 5, 36, 31
 5, 36, 34
 5, 36, 38
 5, 36, 41
 5, 36, 42
 5, 36, 46
 5, 36, 47
 5, 38, 17
 5, 38, 19
 5, 38, 20
 5, 38, 21
 5, 38, 23
 5, 38, 25
 5, 38, 31
 5, 38, 34
 5, 38, 36
 5, 38, 42
 5, 38, 46
 5, 38, 47
 5, 40, 11
 5, 40, 17
 5, 40, 20
 5, 40, 23
 5, 40, 25
 5, 40, 42
 5, 40, 46
 5, 40, 47
 5, 41, 11
 5, 41, 20
 5, 41, 21
 5, 41, 23
 5, 41, 25
 5, 41, 29
 5, 41, 31
 5, 41, 34
 5, 41, 36
 5, 41, 47
 5, 42, 11
 5, 42, 17
 5, 42, 19
 5, 42, 20
 5, 42, 22
 5, 42, 23
 5, 42, 25
 5, 42, 27
 5, 42, 28
 5, 42, 29
 5, 42, 31
 5, 42, 34
 5, 42, 36
 5, 42, 38
 5, 42, 40
 5, 42, 47
 5, 46, 11
 5, 46, 17
 5, 46, 19
 5, 46, 20
 5, 46, 21
 5, 46, 22
 5, 46, 23
 5, 46, 25
 5, 46, 27
 5, 46, 28
 5, 46, 29
 5, 46, 31
 5, 46, 34
 5, 46, 36
 5, 46, 38
 5, 46, 40
 5, 47, 17
 5, 47, 19
 5, 47, 20
 5, 47, 21
 5, 47, 23
 5, 47, 25
 5, 47, 27
 5, 47, 29
 5, 47, 30
 5, 47, 31
 5, 47, 34
 5, 47, 36
 5, 47, 38
 5, 47, 40
 5, 47, 41
 5, 47, 42
 6, 7, 15
 6, 7, 18
 6, 7, 38
 6, 15, 7
 6, 15, 38
 6, 15, 40
 6, 15, 41
 6, 17, 38
 6, 17, 40
 6, 18, 7
 6, 18, 38
 6, 18, 40
 6, 18, 41
 6, 20, 38
 6, 20, 40
 6, 20, 41
 6, 23, 38
 6, 23, 40
 6, 23, 41
 6, 25, 38
 6, 25, 40
 6, 25, 41
 6, 35, 38
 6, 35, 40
 6, 35, 41
 6, 37, 38
 6, 37, 40
 6, 37, 41
 6, 38, 7
 6, 38, 15
 6, 38, 17
 6, 38, 18
 6, 38, 20
 6, 38, 23
 6, 38, 25
 6, 38, 35
 6, 38, 37
 6, 40, 15
 6, 40, 17
 6, 40, 18
 6, 40, 20
 6, 40, 23
 6, 40, 25
 6, 40, 35
 6, 40, 37
 6, 41, 15
 6, 41, 18
 6, 41, 20
 6, 41, 23
 6, 41, 25
 6, 41, 35
 6, 41, 37
 7, 15, 27
 7, 15, 29
 7, 15, 30
 7, 15, 36
 7, 15, 38
 7, 15, 43
 7, 15, 47
 7, 18, 27
 7, 18, 30
 7, 18, 36
 7, 18, 38
 7, 18, 47
 7, 18, 48
 7, 21, 36
 7, 21, 38
 7, 21, 46
 7, 21, 47
 7, 21, 48
 7, 22, 36
 7, 22, 42
 7, 22, 43
 7, 22, 45
 7, 22, 46
 7, 26, 27
 7, 26, 28
 7, 26, 30
 7, 26, 36
 7, 26, 38
 7, 26, 42
 7, 26, 46
 7, 26, 47
 7, 26, 48
 7, 27, 15
 7, 27, 18
 7, 27, 26
 7, 27, 42
 7, 27, 46
 7, 27, 47
 7, 27, 48
 7, 28, 26
 7, 28, 36
 7, 28, 42
 7, 28, 43
 7, 28, 46
 7, 29, 15
 7, 29, 36
 7, 29, 42
 7, 29, 43
 7, 29, 46
 7, 29, 47
 7, 30, 15
 7, 30, 18
 7, 30, 26
 7, 30, 47
 7, 30, 48
 7, 31, 36
 7, 31, 38
 7, 31, 42
 7, 31, 43
 7, 31, 46
 7, 31, 47
 7, 31, 48
 7, 33, 36
 7, 33, 38
 7, 33, 42
 7, 33, 43
 7, 33, 45
 7, 33, 46
 7, 33, 48
 7, 36, 15
 7, 36, 18
 7, 36, 21
 7, 36, 22
 7, 36, 26
 7, 36, 28
 7, 36, 29
 7, 36, 31
 7, 36, 33
 7, 36, 38
 7, 36, 42
 7, 36, 43
 7, 36, 45
 7, 36, 46
 7, 36, 47
 7, 36, 48
 7, 38, 15
 7, 38, 18
 7, 38, 21
 7, 38, 26
 7, 38, 31
 7, 38, 33
 7, 38, 36
 7, 38, 42
 7, 38, 43
 7, 38, 46
 7, 38, 47
 7, 38, 48
 7, 39, 47
 7, 39, 48
 7, 42, 22
 7, 42, 26
 7, 42, 27
 7, 42, 28
 7, 42, 29
 7, 42, 31
 7, 42, 33
 7, 42, 36
 7, 42, 38
 7, 42, 47
 7, 42, 48
 7, 43, 15
 7, 43, 22
 7, 43, 28
 7, 43, 29
 7, 43, 31
 7, 43, 33
 7, 43, 36
 7, 43, 38
 7, 43, 45
 7, 43, 46
 7, 45, 22
 7, 45, 33
 7, 45, 36
 7, 45, 43
 7, 45, 48
 7, 46, 21
 7, 46, 22
 7, 46, 26
 7, 46, 27
 7, 46, 28
 7, 46, 29
 7, 46, 31
 7, 46, 33
 7, 46, 36
 7, 46, 38
 7, 46, 43
 7, 46, 48
 7, 47, 15
 7, 47, 18
 7, 47, 21
 7, 47, 26
 7, 47, 27
 7, 47, 29
 7, 47, 30
 7, 47, 31
 7, 47, 36
 7, 47, 38
 7, 47, 39
 7, 47, 42
 7, 47, 48
 7, 48, 18
 7, 48, 21
 7, 48, 26
 7, 48, 27
 7, 48, 30
 7, 48, 31
 7, 48, 33
 7, 48, 36
 7, 48, 38
 7, 48, 39
 7, 48, 42
 7, 48, 45
 7, 48, 46
 7, 48, 47
 8, 27, 46
 8, 27, 47
 8, 30, 47
 8, 34, 36
 8, 34, 38
 8, 34, 41
 8, 34, 46
 8, 34, 47
 8, 36, 34
 8, 36, 38
 8, 36, 41
 8, 36, 46
 8, 36, 47
 8, 37, 38
 8, 37, 40
 8, 37, 41
 8, 37, 47
 8, 38, 34
 8, 38, 36
 8, 38, 37
 8, 38, 46
 8, 38, 47
 8, 40, 37
 8, 40, 46
 8, 40, 47
 8, 41, 34
 8, 41, 36
 8, 41, 37
 8, 41, 47
 8, 46, 27
 8, 46, 34
 8, 46, 36
 8, 46, 38
 8, 46, 40
 8, 47, 27
 8, 47, 30
 8, 47, 34
 8, 47, 36
 8, 47, 37
 8, 47, 38
 8, 47, 40
 8, 47, 41
 9, 17, 34
 9, 17, 36
 9, 17, 38
 9, 17, 42
 9, 17, 43
 9, 17, 44
 9, 17, 46
 9, 17, 47
 9, 30, 47
 9, 34, 17
 9, 34, 36
 9, 34, 38
 9, 34, 42
 9, 34, 43
 9, 34, 46
 9, 34, 47
 9, 36, 17
 9, 36, 34
 9, 36, 38
 9, 36, 42
 9, 36, 43
 9, 36, 44
 9, 36, 45
 9, 36, 46
 9, 36, 47
 9, 38, 17
 9, 38, 34
 9, 38, 36
 9, 38, 42
 9, 38, 43
 9, 38, 46
 9, 38, 47
 9, 42, 17
 9, 42, 34
 9, 42, 36
 9, 42, 38
 9, 42, 47
 9, 43, 17
 9, 43, 34
 9, 43, 36
 9, 43, 38
 9, 43, 44
 9, 43, 45
 9, 43, 46
 9, 44, 17
 9, 44, 36
 9, 44, 43
 9, 44, 46
 9, 45, 36
 9, 45, 43
 9, 46, 17
 9, 46, 34
 9, 46, 36
 9, 46, 38
 9, 46, 43
 9, 46, 44
 9, 47, 17
 9, 47, 30
 9, 47, 34
 9, 47, 36
 9, 47, 38
 9, 47, 42
 10, 27, 42
 10, 27, 46
 10, 27, 47
 10, 27, 48
 10, 30, 47
 10, 30, 48
 10, 34, 36
 10, 34, 38
 10, 34, 41
 10, 34, 42
 10, 34, 46
 10, 34, 47
 10, 34, 48
 10, 36, 34
 10, 36, 38
 10, 36, 41
 10, 36, 42
 10, 36, 46
 10, 36, 47
 10, 36, 48
 10, 37, 38
 10, 37, 40
 10, 37, 41
 10, 37, 47
 10, 37, 48
 10, 38, 34
 10, 38, 36
 10, 38, 37
 10, 38, 42
 10, 38, 46
 10, 38, 47
 10, 38, 48
 10, 40, 37
 10, 40, 42
 10, 40, 46
 10, 40, 47
 10, 40, 48
 10, 41, 34
 10, 41, 36
 10, 41, 37
 10, 41, 47
 10, 41, 48
 10, 42, 27
 10, 42, 34
 10, 42, 36
 10, 42, 38
 10, 42, 40
 10, 42, 47
 10, 42, 48
 10, 46, 27
 10, 46, 34
 10, 46, 36
 10, 46, 38
 10, 46, 40
 10, 46, 48
 10, 47, 27
 10, 47, 30
 10, 47, 34
 10, 47, 36
 10, 47, 37
 10, 47, 38
 10, 47, 40
 10, 47, 41
 10, 47, 42
 10, 47, 48
 10, 48, 27
 10, 48, 30
 10, 48, 34
 10, 48, 36
 10, 48, 37
 10, 48, 38
 10, 48, 40
 10, 48, 41
 10, 48, 42
 10, 48, 46
 10, 48, 47
 11, 20, 27
 11, 20, 36
 11, 20, 40
 11, 20, 41
 11, 20, 42
 11, 20, 43
 11, 20, 46
 11, 23, 36
 11, 23, 40
 11, 23, 41
 11, 23, 42
 11, 23, 43
 11, 23, 46
 11, 27, 20
 11, 27, 42
 11, 27, 46
 11, 28, 36
 11, 28, 42
 11, 28, 43
 11, 28, 46
 11, 29, 36
 11, 29, 41
 11, 29, 42
 11, 29, 43
 11, 29, 46
 11, 36, 20
 11, 36, 23
 11, 36, 28
 11, 36, 29
 11, 36, 41
 11, 36, 42
 11, 36, 43
 11, 36, 46
 11, 40, 20
 11, 40, 23
 11, 40, 42
 11, 40, 46
 11, 41, 20
 11, 41, 23
 11, 41, 29
 11, 41, 36
 11, 42, 20
 11, 42, 23
 11, 42, 27
 11, 42, 28
 11, 42, 29
 11, 42, 36
 11, 42, 40
 11, 43, 20
 11, 43, 23
 11, 43, 28
 11, 43, 29
 11, 43, 36
 11, 43, 46
 11, 46, 20
 11, 46, 23
 11, 46, 27
 11, 46, 28
 11, 46, 29
 11, 46, 36
 11, 46, 40
 11, 46, 43
 12, 15, 24
 12, 15, 27
 12, 15, 29
 12, 15, 30
 12, 15, 36
 12, 15, 38
 12, 15, 41
 12, 18, 27
 12, 18, 30
 12, 18, 36
 12, 18, 38
 12, 18, 41
 12, 20, 27
 12, 20, 36
 12, 20, 38
 12, 20, 41
 12, 20, 46
 12, 23, 36
 12, 23, 38
 12, 23, 41
 12, 23, 46
 12, 24, 15
 12, 24, 36
 12, 24, 46
 12, 25, 36
 12, 25, 38
 12, 25, 41
 12, 25, 46
 12, 26, 27
 12, 26, 30
 12, 26, 36
 12, 26, 38
 12, 26, 46
 12, 27, 15
 12, 27, 18
 12, 27, 20
 12, 27, 26
 12, 27, 46
 12, 29, 15
 12, 29, 36
 12, 29, 41
 12, 29, 46
 12, 30, 15
 12, 30, 18
 12, 30, 26
 12, 35, 38
 12, 35, 41
 12, 36, 15
 12, 36, 18
 12, 36, 20
 12, 36, 23
 12, 36, 24
 12, 36, 25
 12, 36, 26
 12, 36, 29
 12, 36, 38
 12, 36, 41
 12, 36, 46
 12, 37, 38
 12, 37, 41
 12, 38, 15
 12, 38, 18
 12, 38, 20
 12, 38, 23
 12, 38, 25
 12, 38, 26
 12, 38, 35
 12, 38, 36
 12, 38, 37
 12, 38, 46
 12, 41, 15
 12, 41, 18
 12, 41, 20
 12, 41, 23
 12, 41, 25
 12, 41, 29
 12, 41, 35
 12, 41, 36
 12, 41, 37
 12, 46, 20
 12, 46, 23
 12, 46, 24
 12, 46, 25
 12, 46, 26
 12, 46, 27
 12, 46, 29
 12, 46, 36
 12, 46, 38
 13, 27, 42
 13, 27, 46
 13, 27, 47
 13, 27, 48
 13, 30, 47
 13, 30, 48
 13, 38, 42
 13, 38, 43
 13, 38, 46
 13, 38, 47
 13, 38, 48
 13, 41, 47
 13, 41, 48
 13, 42, 27
 13, 42, 38
 13, 42, 47
 13, 42, 48
 13, 43, 38
 13, 43, 44
 13, 43, 45
 13, 43, 46
 13, 44, 43
 13, 44, 46
 13, 45, 43
 13, 45, 48
 13, 46, 27
 13, 46, 38
 13, 46, 43
 13, 46, 44
 13, 46, 48
 13, 47, 27
 13, 47, 30
 13, 47, 38
 13, 47, 41
 13, 47, 42
 13, 47, 48
 13, 48, 27
 13, 48, 30
 13, 48, 38
 13, 48, 41
 13, 48, 42
 13, 48, 45
 13, 48, 46
 13, 48, 47
 14, 47, 48
 14, 48, 47
 15, 24, 36
 15, 24, 47
 15, 27, 47
 15, 29, 36
 15, 29, 41
 15, 29, 43
 15, 29, 47
 15, 30, 47
 15, 36, 24
 15, 36, 29
 15, 36, 38
 15, 36, 41
 15, 36, 43
 15, 36, 47
 15, 38, 36
 15, 38, 43
 15, 38, 47
 15, 40, 47
 15, 41, 29
 15, 41, 36
 15, 41, 47
 15, 43, 29
 15, 43, 36
 15, 43, 38
 15, 47, 24
 15, 47, 27
 15, 47, 29
 15, 47, 30
 15, 47, 36
 15, 47, 38
 15, 47, 40
 15, 47, 41
 16, 18, 36
 16, 18, 38
 16, 18, 40
 16, 18, 41
 16, 18, 47
 16, 20, 36
 16, 20, 38
 16, 20, 40
 16, 20, 41
 16, 20, 42
 16, 20, 43
 16, 20, 47
 16, 23, 36
 16, 23, 38
 16, 23, 40
 16, 23, 41
 16, 23, 42
 16, 23, 43
 16, 23, 47
 16, 25, 36
 16, 25, 38
 16, 25, 40
 16, 25, 41
 16, 25, 42
 16, 25, 47
 16, 35, 38
 16, 35, 40
 16, 35, 41
 16, 35, 42
 16, 35, 47
 16, 36, 18
 16, 36, 20
 16, 36, 23
 16, 36, 25
 16, 36, 38
 16, 36, 41
 16, 36, 42
 16, 36, 43
 16, 36, 47
 16, 37, 38
 16, 37, 40
 16, 37, 41
 16, 37, 47
 16, 38, 18
 16, 38, 20
 16, 38, 23
 16, 38, 25
 16, 38, 35
 16, 38, 36
 16, 38, 37
 16, 38, 42
 16, 38, 43
 16, 38, 47
 16, 40, 18
 16, 40, 20
 16, 40, 23
 16, 40, 25
 16, 40, 35
 16, 40, 37
 16, 40, 42
 16, 40, 47
 16, 41, 18
 16, 41, 20
 16, 41, 23
 16, 41, 25
 16, 41, 35
 16, 41, 36
 16, 41, 37
 16, 41, 47
 16, 42, 20
 16, 42, 23
 16, 42, 25
 16, 42, 35
 16, 42, 36
 16, 42, 38
 16, 42, 40
 16, 42, 47
 16, 43, 20
 16, 43, 23
 16, 43, 36
 16, 43, 38
 16, 47, 18
 16, 47, 20
 16, 47, 23
 16, 47, 25
 16, 47, 35
 16, 47, 36
 16, 47, 37
 16, 47, 38
 16, 47, 40
 16, 47, 41
 16, 47, 42
 17, 19, 36
 17, 19, 38
 17, 19, 42
 17, 19, 46
 17, 19, 47
 17, 31, 36
 17, 31, 38
 17, 31, 42
 17, 31, 43
 17, 31, 46
 17, 31, 47
 17, 31, 48
 17, 31, 49
 17, 34, 36
 17, 34, 38
 17, 34, 42
 17, 34, 43
 17, 34, 46
 17, 34, 47
 17, 34, 48
 17, 34, 49
 17, 36, 19
 17, 36, 31
 17, 36, 34
 17, 36, 38
 17, 36, 42
 17, 36, 43
 17, 36, 44
 17, 36, 46
 17, 36, 47
 17, 36, 48
 17, 38, 19
 17, 38, 31
 17, 38, 34
 17, 38, 36
 17, 38, 42
 17, 38, 43
 17, 38, 46
 17, 38, 47
 17, 38, 48
 17, 38, 49
 17, 40, 42
 17, 40, 46
 17, 40, 47
 17, 40, 48
 17, 40, 49
 17, 42, 19
 17, 42, 31
 17, 42, 34
 17, 42, 36
 17, 42, 38
 17, 42, 40
 17, 42, 47
 17, 42, 48
 17, 42, 49
 17, 43, 31
 17, 43, 34
 17, 43, 36
 17, 43, 38
 17, 43, 44
 17, 43, 46
 17, 44, 36
 17, 44, 43
 17, 44, 46
 17, 46, 19
 17, 46, 31
 17, 46, 34
 17, 46, 36
 17, 46, 38
 17, 46, 40
 17, 46, 43
 17, 46, 44
 17, 46, 48
 17, 46, 49
 17, 47, 19
 17, 47, 31
 17, 47, 34
 17, 47, 36
 17, 47, 38
 17, 47, 40
 17, 47, 42
 17, 47, 48
 17, 47, 49
 17, 48, 31
 17, 48, 34
 17, 48, 36
 17, 48, 38
 17, 48, 40
 17, 48, 42
 17, 48, 46
 17, 48, 47
 17, 48, 49
 17, 49, 31
 17, 49, 34
 17, 49, 38
 17, 49, 40
 17, 49, 42
 17, 49, 46
 17, 49, 47
 17, 49, 48
 18, 27, 47
 18, 27, 48
 18, 30, 47
 18, 30, 48
 18, 36, 38
 18, 36, 41
 18, 36, 47
 18, 36, 48
 18, 38, 36
 18, 38, 47
 18, 38, 48
 18, 40, 47
 18, 40, 48
 18, 41, 36
 18, 41, 47
 18, 41, 48
 18, 47, 27
 18, 47, 30
 18, 47, 36
 18, 47, 38
 18, 47, 40
 18, 47, 41
 18, 47, 48
 18, 48, 27
 18, 48, 30
 18, 48, 36
 18, 48, 38
 18, 48, 40
 18, 48, 41
 18, 48, 47
 19, 36, 38
 19, 36, 42
 19, 36, 46
 19, 36, 47
 19, 38, 36
 19, 38, 42
 19, 38, 46
 19, 38, 47
 19, 42, 36
 19, 42, 38
 19, 42, 47
 19, 46, 36
 19, 46, 38
 19, 47, 36
 19, 47, 38
 19, 47, 42
 20, 27, 42
 20, 27, 46
 20, 27, 47
 20, 27, 48
 20, 27, 49
 20, 36, 38
 20, 36, 41
 20, 36, 42
 20, 36, 43
 20, 36, 45
 20, 36, 46
 20, 36, 47
 20, 36, 48
 20, 38, 36
 20, 38, 42
 20, 38, 43
 20, 38, 46
 20, 38, 47
 20, 38, 48
 20, 38, 49
 20, 39, 47
 20, 39, 48
 20, 39, 49
 20, 40, 42
 20, 40, 46
 20, 40, 47
 20, 40, 48
 20, 40, 49
 20, 41, 36
 20, 41, 47
 20, 41, 48
 20, 41, 49
 20, 42, 27
 20, 42, 36
 20, 42, 38
 20, 42, 40
 20, 42, 47
 20, 42, 48
 20, 42, 49
 20, 43, 36
 20, 43, 38
 20, 43, 45
 20, 43, 46
 20, 45, 36
 20, 45, 43
 20, 45, 48
 20, 45, 49
 20, 46, 27
 20, 46, 36
 20, 46, 38
 20, 46, 40
 20, 46, 43
 20, 46, 48
 20, 46, 49
 20, 47, 27
 20, 47, 36
 20, 47, 38
 20, 47, 39
 20, 47, 40
 20, 47, 41
 20, 47, 42
 20, 47, 48
 20, 47, 49
 20, 48, 27
 20, 48, 36
 20, 48, 38
 20, 48, 39
 20, 48, 40
 20, 48, 41
 20, 48, 42
 20, 48, 45
 20, 48, 46
 20, 48, 47
 20, 48, 49
 20, 49, 27
 20, 49, 38
 20, 49, 39
 20, 49, 40
 20, 49, 41
 20, 49, 42
 20, 49, 45
 20, 49, 46
 20, 49, 47
 20, 49, 48
 21, 36, 38
 21, 36, 41
 21, 36, 46
 21, 36, 47
 21, 36, 48
 21, 38, 36
 21, 38, 46
 21, 38, 47
 21, 38, 48
 21, 41, 36
 21, 41, 47
 21, 41, 48
 21, 46, 36
 21, 46, 38
 21, 46, 48
 21, 47, 36
 21, 47, 38
 21, 47, 41
 21, 47, 48
 21, 48, 36
 21, 48, 38
 21, 48, 41
 21, 48, 46
 21, 48, 47
 22, 36, 42
 22, 36, 43
 22, 36, 44
 22, 36, 45
 22, 36, 46
 22, 42, 36
 22, 43, 36
 22, 43, 44
 22, 43, 45
 22, 43, 46
 22, 44, 36
 22, 44, 43
 22, 44, 46
 22, 45, 36
 22, 45, 43
 22, 46, 36
 22, 46, 43
 22, 46, 44
 23, 36, 38
 23, 36, 41
 23, 36, 42
 23, 36, 43
 23, 36, 45
 23, 36, 46
 23, 36, 47
 23, 36, 48
 23, 38, 36
 23, 38, 42
 23, 38, 43
 23, 38, 46
 23, 38, 47
 23, 38, 48
 23, 38, 49
 23, 39, 47
 23, 39, 48
 23, 39, 49
 23, 40, 42
 23, 40, 46
 23, 40, 47
 23, 40, 48
 23, 40, 49
 23, 41, 36
 23, 41, 47
 23, 41, 48
 23, 41, 49
 23, 42, 36
 23, 42, 38
 23, 42, 40
 23, 42, 47
 23, 42, 48
 23, 42, 49
 23, 43, 36
 23, 43, 38
 23, 43, 45
 23, 43, 46
 23, 45, 36
 23, 45, 43
 23, 45, 48
 23, 45, 49
 23, 46, 36
 23, 46, 38
 23, 46, 40
 23, 46, 43
 23, 46, 48
 23, 46, 49
 23, 47, 36
 23, 47, 38
 23, 47, 39
 23, 47, 40
 23, 47, 41
 23, 47, 42
 23, 47, 48
 23, 47, 49
 23, 48, 36
 23, 48, 38
 23, 48, 39
 23, 48, 40
 23, 48, 41
 23, 48, 42
 23, 48, 45
 23, 48, 46
 23, 48, 47
 23, 48, 49
 23, 49, 38
 23, 49, 39
 23, 49, 40
 23, 49, 41
 23, 49, 42
 23, 49, 45
 23, 49, 46
 23, 49, 47
 23, 49, 48
 24, 28, 34
 24, 28, 36
 24, 28, 42
 24, 28, 46
 24, 34, 28
 24, 34, 36
 24, 34, 42
 24, 34, 46
 24, 34, 47
 24, 36, 28
 24, 36, 34
 24, 36, 42
 24, 36, 46
 24, 36, 47
 24, 42, 28
 24, 42, 34
 24, 42, 36
 24, 42, 47
 24, 46, 28
 24, 46, 34
 24, 46, 36
 24, 47, 34
 24, 47, 36
 24, 47, 42
 25, 36, 38
 25, 36, 41
 25, 36, 42
 25, 36, 46
 25, 36, 47
 25, 36, 48
 25, 38, 36
 25, 38, 42
 25, 38, 46
 25, 38, 47
 25, 38, 48
 25, 38, 49
 25, 39, 47
 25, 39, 48
 25, 39, 49
 25, 40, 42
 25, 40, 46
 25, 40, 47
 25, 40, 48
 25, 40, 49
 25, 41, 36
 25, 41, 47
 25, 41, 48
 25, 41, 49
 25, 42, 36
 25, 42, 38
 25, 42, 40
 25, 42, 47
 25, 42, 48
 25, 42, 49
 25, 46, 36
 25, 46, 38
 25, 46, 40
 25, 46, 48
 25, 46, 49
 25, 47, 36
 25, 47, 38
 25, 47, 39
 25, 47, 40
 25, 47, 41
 25, 47, 42
 25, 47, 48
 25, 47, 49
 25, 48, 36
 25, 48, 38
 25, 48, 39
 25, 48, 40
 25, 48, 41
 25, 48, 42
 25, 48, 46
 25, 48, 47
 25, 48, 49
 25, 49, 38
 25, 49, 39
 25, 49, 40
 25, 49, 41
 25, 49, 42
 25, 49, 46
 25, 49, 47
 25, 49, 48
 26, 27, 42
 26, 27, 46
 26, 27, 47
 26, 27, 48
 26, 27, 49
 26, 28, 36
 26, 28, 42
 26, 28, 46
 26, 30, 47
 26, 30, 48
 26, 30, 49
 26, 36, 28
 26, 36, 38
 26, 36, 42
 26, 36, 46
 26, 36, 47
 26, 36, 48
 26, 38, 36
 26, 38, 42
 26, 38, 46
 26, 38, 47
 26, 38, 48
 26, 38, 49
 26, 42, 27
 26, 42, 28
 26, 42, 36
 26, 42, 38
 26, 42, 47
 26, 42, 48
 26, 42, 49
 26, 46, 27
 26, 46, 28
 26, 46, 36
 26, 46, 38
 26, 46, 48
 26, 46, 49
 26, 47, 27
 26, 47, 30
 26, 47, 36
 26, 47, 38
 26, 47, 42
 26, 47, 48
 26, 47, 49
 26, 48, 27
 26, 48, 30
 26, 48, 36
 26, 48, 38
 26, 48, 42
 26, 48, 46
 26, 48, 47
 26, 48, 49
 26, 49, 27
 26, 49, 30
 26, 49, 38
 26, 49, 42
 26, 49, 46
 26, 49, 47
 26, 49, 48
 27, 42, 47
 27, 42, 48
 27, 42, 49
 27, 46, 48
 27, 46, 49
 27, 47, 42
 27, 47, 48
 27, 47, 49
 27, 48, 42
 27, 48, 46
 27, 48, 47
 27, 48, 49
 27, 49, 42
 27, 49, 46
 27, 49, 47
 27, 49, 48
 28, 34, 36
 28, 34, 42
 28, 34, 43
 28, 34, 46
 28, 36, 34
 28, 36, 42
 28, 36, 43
 28, 36, 44
 28, 36, 46
 28, 42, 34
 28, 42, 36
 28, 43, 34
 28, 43, 36
 28, 43, 44
 28, 43, 46
 28, 44, 36
 28, 44, 43
 28, 44, 46
 28, 46, 34
 28, 46, 36
 28, 46, 43
 28, 46, 44
 29, 36, 41
 29, 36, 42
 29, 36, 43
 29, 36, 46
 29, 36, 47
 29, 41, 36
 29, 41, 47
 29, 42, 36
 29, 42, 47
 29, 43, 36
 29, 43, 46
 29, 46, 36
 29, 46, 43
 29, 47, 36
 29, 47, 41
 29, 47, 42
 30, 47, 48
 30, 47, 49
 30, 48, 47
 30, 48, 49
 30, 49, 47
 30, 49, 48
 31, 36, 38
 31, 36, 41
 31, 36, 42
 31, 36, 43
 31, 36, 46
 31, 36, 47
 31, 36, 48
 31, 38, 36
 31, 38, 42
 31, 38, 43
 31, 38, 46
 31, 38, 47
 31, 38, 48
 31, 38, 49
 31, 41, 36
 31, 41, 47
 31, 41, 48
 31, 41, 49
 31, 42, 36
 31, 42, 38
 31, 42, 47
 31, 42, 48
 31, 42, 49
 31, 43, 36
 31, 43, 38
 31, 43, 46
 31, 46, 36
 31, 46, 38
 31, 46, 43
 31, 46, 48
 31, 46, 49
 31, 47, 36
 31, 47, 38
 31, 47, 41
 31, 47, 42
 31, 47, 48
 31, 47, 49
 31, 48, 36
 31, 48, 38
 31, 48, 41
 31, 48, 42
 31, 48, 46
 31, 48, 47
 31, 48, 49
 31, 49, 38
 31, 49, 41
 31, 49, 42
 31, 49, 46
 31, 49, 47
 31, 49, 48
 32, 36, 38
 32, 36, 41
 32, 36, 42
 32, 36, 43
 32, 36, 44
 32, 36, 45
 32, 36, 46
 32, 36, 47
 32, 36, 48
 32, 38, 36
 32, 38, 42
 32, 38, 43
 32, 38, 46
 32, 38, 47
 32, 38, 48
 32, 41, 36
 32, 41, 47
 32, 41, 48
 32, 42, 36
 32, 42, 38
 32, 42, 47
 32, 42, 48
 32, 43, 36
 32, 43, 38
 32, 43, 44
 32, 43, 45
 32, 43, 46
 32, 44, 36
 32, 44, 43
 32, 44, 46
 32, 45, 36
 32, 45, 43
 32, 45, 48
 32, 46, 36
 32, 46, 38
 32, 46, 43
 32, 46, 44
 32, 46, 48
 32, 47, 36
 32, 47, 38
 32, 47, 41
 32, 47, 42
 32, 47, 48
 32, 48, 36
 32, 48, 38
 32, 48, 41
 32, 48, 42
 32, 48, 45
 32, 48, 46
 32, 48, 47
 33, 36, 38
 33, 36, 42
 33, 36, 43
 33, 36, 44
 33, 36, 45
 33, 36, 46
 33, 36, 48
 33, 38, 36
 33, 38, 42
 33, 38, 43
 33, 38, 46
 33, 38, 48
 33, 42, 36
 33, 42, 38
 33, 42, 48
 33, 43, 36
 33, 43, 38
 33, 43, 44
 33, 43, 45
 33, 43, 46
 33, 44, 36
 33, 44, 43
 33, 44, 46
 33, 45, 36
 33, 45, 43
 33, 45, 48
 33, 46, 36
 33, 46, 38
 33, 46, 43
 33, 46, 44
 33, 46, 48
 33, 48, 36
 33, 48, 38
 33, 48, 42
 33, 48, 45
 33, 48, 46
 34, 36, 38
 34, 36, 41
 34, 36, 42
 34, 36, 43
 34, 36, 46
 34, 36, 47
 34, 36, 48
 34, 38, 36
 34, 38, 42
 34, 38, 43
 34, 38, 46
 34, 38, 47
 34, 38, 48
 34, 38, 49
 34, 39, 47
 34, 39, 48
 34, 39, 49
 34, 41, 36
 34, 41, 47
 34, 41, 48
 34, 41, 49
 34, 42, 36
 34, 42, 38
 34, 42, 47
 34, 42, 48
 34, 42, 49
 34, 43, 36
 34, 43, 38
 34, 43, 46
 34, 46, 36
 34, 46, 38
 34, 46, 43
 34, 46, 48
 34, 46, 49
 34, 47, 36
 34, 47, 38
 34, 47, 39
 34, 47, 41
 34, 47, 42
 34, 47, 48
 34, 47, 49
 34, 48, 36
 34, 48, 38
 34, 48, 39
 34, 48, 41
 34, 48, 42
 34, 48, 46
 34, 48, 47
 34, 48, 49
 34, 49, 38
 34, 49, 39
 34, 49, 41
 34, 49, 42
 34, 49, 46
 34, 49, 47
 34, 49, 48
 35, 38, 42
 35, 38, 47
 35, 38, 48
 35, 40, 42
 35, 40, 47
 35, 40, 48
 35, 41, 47
 35, 41, 48
 35, 42, 38
 35, 42, 40
 35, 42, 47
 35, 42, 48
 35, 47, 38
 35, 47, 40
 35, 47, 41
 35, 47, 42
 35, 47, 48
 35, 48, 38
 35, 48, 40
 35, 48, 41
 35, 48, 42
 35, 48, 47
 36, 38, 42
 36, 38, 43
 36, 38, 46
 36, 38, 47
 36, 38, 48
 36, 41, 47
 36, 41, 48
 36, 42, 38
 36, 42, 47
 36, 42, 48
 36, 43, 38
 36, 43, 44
 36, 43, 45
 36, 43, 46
 36, 44, 43
 36, 44, 46
 36, 45, 43
 36, 45, 48
 36, 46, 38
 36, 46, 43
 36, 46, 44
 36, 46, 48
 36, 47, 38
 36, 47, 41
 36, 47, 42
 36, 47, 48
 36, 48, 38
 36, 48, 41
 36, 48, 42
 36, 48, 45
 36, 48, 46
 36, 48, 47
 37, 38, 47
 37, 38, 48
 37, 38, 49
 37, 40, 47
 37, 40, 48
 37, 40, 49
 37, 41, 47
 37, 41, 48
 37, 41, 49
 37, 47, 38
 37, 47, 40
 37, 47, 41
 37, 47, 48
 37, 47, 49
 37, 48, 38
 37, 48, 40
 37, 48, 41
 37, 48, 47
 37, 48, 49
 37, 49, 38
 37, 49, 40
 37, 49, 41
 37, 49, 47
 37, 49, 48
 38, 42, 47
 38, 42, 48
 38, 42, 49
 38, 43, 46
 38, 46, 43
 38, 46, 48
 38, 46, 49
 38, 47, 42
 38, 47, 48
 38, 47, 49
 38, 48, 42
 38, 48, 46
 38, 48, 47
 38, 48, 49
 38, 49, 42
 38, 49, 46
 38, 49, 47
 38, 49, 48
 39, 47, 48
 39, 47, 49
 39, 47, 50
 39, 48, 47
 39, 48, 49
 39, 48, 50
 39, 49, 47
 39, 49, 48
 39, 49, 50
 39, 50, 47
 39, 50, 48
 39, 50, 49
 40, 42, 47
 40, 42, 48
 40, 42, 49
 40, 46, 48
 40, 46, 49
 40, 47, 42
 40, 47, 48
 40, 47, 49
 40, 48, 42
 40, 48, 46
 40, 48, 47
 40, 48, 49
 40, 49, 42
 40, 49, 46
 40, 49, 47
 40, 49, 48
 41, 47, 48
 41, 47, 49
 41, 48, 47
 41, 48, 49
 41, 49, 47
 41, 49, 48
 42, 47, 48
 42, 47, 49
 42, 48, 47
 42, 48, 49
 42, 49, 47
 42, 49, 48
 43, 44, 46
 43, 44, 51
 43, 46, 44
 43, 46, 51
 43, 51, 44
 43, 51, 46
 44, 46, 51
 44, 51, 46
 45, 48, 49
 45, 48, 50
 45, 49, 48
 45, 49, 50
 45, 50, 48
 45, 50, 49
 46, 48, 49
 46, 48, 50
 46, 49, 48
 46, 49, 50
 46, 50, 48
 46, 50, 49
 47, 48, 49
 47, 48, 50
 47, 49, 48
 47, 49, 50
 47, 50, 48
 47, 50, 49
 48, 49, 50
 48, 50, 49
