0, 2, 16
 0, 2, 18
 0, 2, 19
 0, 2, 23
 0, 2, 25
 0, 2, 27
 0, 2, 28
 0, 2, 30
 0, 2, 35
 0, 3, 16
 0, 3, 18
 0, 3, 23
 0, 3, 25
 0, 3, 27
 0, 3, 28
 0, 3, 30
 0, 3, 35
 0, 3, 40
 0, 3, 41
 0, 4, 16
 0, 4, 23
 0, 4, 25
 0, 4, 30
 0, 4, 35
 0, 16, 2
 0, 16, 3
 0, 16, 4
 0, 16, 28
 0, 16, 40
 0, 16, 42
 0, 16, 43
 0, 16, 44
 0, 16, 45
 0, 18, 2
 0, 18, 3
 0, 18, 25
 0, 18, 28
 0, 18, 35
 0, 18, 40
 0, 18, 41
 0, 18, 42
 0, 18, 43
 0, 18, 44
 0, 18, 45
 0, 19, 2
 0, 19, 23
 0, 19, 25
 0, 19, 27
 0, 19, 28
 0, 19, 30
 0, 19, 35
 0, 19, 40
 0, 19, 41
 0, 19, 42
 0, 19, 43
 0, 19, 45
 0, 19, 47
 0, 23, 2
 0, 23, 3
 0, 23, 4
 0, 23, 19
 0, 23, 28
 0, 23, 40
 0, 23, 41
 0, 23, 42
 0, 23, 43
 0, 23, 44
 0, 23, 45
 0, 25, 2
 0, 25, 3
 0, 25, 4
 0, 25, 18
 0, 25, 19
 0, 25, 27
 0, 25, 28
 0, 25, 35
 0, 25, 40
 0, 25, 41
 0, 25, 42
 0, 25, 43
 0, 25, 44
 0, 25, 45
 0, 25, 47
 0, 27, 2
 0, 27, 3
 0, 27, 19
 0, 27, 25
 0, 27, 28
 0, 27, 30
 0, 27, 35
 0, 27, 40
 0, 27, 41
 0, 27, 42
 0, 27, 43
 0, 27, 44
 0, 27, 45
 0, 27, 47
 0, 28, 2
 0, 28, 3
 0, 28, 16
 0, 28, 18
 0, 28, 19
 0, 28, 23
 0, 28, 25
 0, 28, 27
 0, 28, 35
 0, 28, 40
 0, 28, 41
 0, 28, 42
 0, 28, 43
 0, 28, 44
 0, 28, 45
 0, 28, 47
 0, 30, 2
 0, 30, 3
 0, 30, 4
 0, 30, 19
 0, 30, 27
 0, 30, 35
 0, 30, 42
 0, 30, 43
 0, 30, 44
 0, 30, 45
 0, 35, 2
 0, 35, 3
 0, 35, 4
 0, 35, 18
 0, 35, 19
 0, 35, 25
 0, 35, 27
 0, 35, 28
 0, 35, 30
 0, 35, 47
 0, 39, 40
 0, 39, 41
 0, 39, 42
 0, 39, 43
 0, 39, 44
 0, 39, 45
 0, 39, 47
 0, 40, 3
 0, 40, 16
 0, 40, 18
 0, 40, 19
 0, 40, 23
 0, 40, 25
 0, 40, 27
 0, 40, 28
 0, 40, 39
 0, 40, 41
 0, 40, 42
 0, 40, 43
 0, 40, 44
 0, 40, 45
 0, 40, 47
 0, 41, 3
 0, 41, 18
 0, 41, 19
 0, 41, 23
 0, 41, 25
 0, 41, 27
 0, 41, 28
 0, 41, 39
 0, 41, 40
 0, 41, 43
 0, 41, 45
 0, 41, 47
 0, 42, 16
 0, 42, 18
 0, 42, 19
 0, 42, 23
 0, 42, 25
 0, 42, 27
 0, 42, 28
 0, 42, 30
 0, 42, 39
 0, 42, 40
 0, 43, 16
 0, 43, 18
 0, 43, 19
 0, 43, 23
 0, 43, 25
 0, 43, 27
 0, 43, 28
 0, 43, 30
 0, 43, 39
 0, 43, 40
 0, 43, 41
 0, 44, 16
 0, 44, 18
 0, 44, 23
 0, 44, 25
 0, 44, 27
 0, 44, 28
 0, 44, 30
 0, 44, 39
 0, 44, 40
 0, 45, 16
 0, 45, 18
 0, 45, 19
 0, 45, 23
 0, 45, 25
 0, 45, 27
 0, 45, 28
 0, 45, 30
 0, 45, 39
 0, 45, 40
 0, 45, 41
 0, 47, 19
 0, 47, 25
 0, 47, 27
 0, 47, 28
 0, 47, 35
 0, 47, 39
 0, 47, 40
 0, 47, 41
 1, 11, 19
 1, 11, 24
 1, 11, 25
 1, 11, 31
 1, 11, 34
 1, 11, 35
 1, 11, 36
 1, 11, 46
 1, 11, 47
 1, 12, 19
 1, 12, 24
 1, 12, 25
 1, 12, 31
 1, 12, 32
 1, 12, 33
 1, 12, 34
 1, 12, 35
 1, 12, 36
 1, 12, 37
 1, 12, 46
 1, 13, 19
 1, 13, 24
 1, 13, 25
 1, 13, 31
 1, 13, 32
 1, 13, 34
 1, 13, 35
 1, 13, 36
 1, 13, 37
 1, 13, 46
 1, 13, 47
 1, 17, 24
 1, 17, 31
 1, 17, 32
 1, 17, 35
 1, 17, 36
 1, 17, 37
 1, 17, 46
 1, 18, 25
 1, 18, 32
 1, 18, 33
 1, 18, 35
 1, 18, 36
 1, 18, 37
 1, 18, 46
 1, 19, 11
 1, 19, 12
 1, 19, 13
 1, 19, 24
 1, 19, 25
 1, 19, 31
 1, 19, 34
 1, 19, 35
 1, 19, 36
 1, 19, 46
 1, 19, 47
 1, 24, 11
 1, 24, 12
 1, 24, 13
 1, 24, 17
 1, 24, 19
 1, 24, 25
 1, 24, 31
 1, 24, 32
 1, 24, 33
 1, 24, 35
 1, 24, 36
 1, 24, 37
 1, 24, 46
 1, 24, 47
 1, 25, 11
 1, 25, 12
 1, 25, 13
 1, 25, 18
 1, 25, 19
 1, 25, 24
 1, 25, 31
 1, 25, 34
 1, 25, 35
 1, 25, 36
 1, 25, 37
 1, 25, 46
 1, 25, 47
 1, 26, 32
 1, 26, 33
 1, 26, 34
 1, 26, 35
 1, 26, 36
 1, 26, 37
 1, 26, 46
 1, 26, 47
 1, 31, 11
 1, 31, 12
 1, 31, 13
 1, 31, 17
 1, 31, 19
 1, 31, 24
 1, 31, 25
 1, 31, 35
 1, 31, 37
 1, 31, 46
 1, 31, 47
 1, 32, 12
 1, 32, 13
 1, 32, 17
 1, 32, 18
 1, 32, 24
 1, 32, 26
 1, 32, 46
 1, 32, 47
 1, 33, 12
 1, 33, 18
 1, 33, 24
 1, 33, 26
 1, 33, 35
 1, 33, 46
 1, 33, 47
 1, 34, 11
 1, 34, 12
 1, 34, 13
 1, 34, 19
 1, 34, 25
 1, 34, 26
 1, 34, 46
 1, 34, 47
 1, 35, 11
 1, 35, 12
 1, 35, 13
 1, 35, 17
 1, 35, 18
 1, 35, 19
 1, 35, 24
 1, 35, 25
 1, 35, 26
 1, 35, 31
 1, 35, 33
 1, 35, 36
 1, 35, 46
 1, 35, 47
 1, 36, 11
 1, 36, 12
 1, 36, 13
 1, 36, 17
 1, 36, 18
 1, 36, 19
 1, 36, 24
 1, 36, 25
 1, 36, 26
 1, 36, 35
 1, 36, 46
 1, 36, 47
 1, 37, 12
 1, 37, 13
 1, 37, 17
 1, 37, 18
 1, 37, 24
 1, 37, 25
 1, 37, 26
 1, 37, 31
 1, 37, 46
 1, 37, 47
 1, 46, 11
 1, 46, 12
 1, 46, 13
 1, 46, 17
 1, 46, 18
 1, 46, 19
 1, 46, 24
 1, 46, 25
 1, 46, 26
 1, 46, 31
 1, 46, 32
 1, 46, 33
 1, 46, 34
 1, 46, 35
 1, 46, 36
 1, 46, 37
 1, 46, 47
 1, 47, 11
 1, 47, 13
 1, 47, 19
 1, 47, 24
 1, 47, 25
 1, 47, 26
 1, 47, 31
 1, 47, 32
 1, 47, 33
 1, 47, 34
 1, 47, 35
 1, 47, 36
 1, 47, 37
 1, 47, 46
 2, 8, 14
 2, 8, 18
 2, 8, 19
 2, 8, 21
 2, 8, 22
 2, 8, 23
 2, 8, 24
 2, 8, 25
 2, 8, 26
 2, 8, 27
 2, 8, 28
 2, 8, 29
 2, 8, 30
 2, 8, 31
 2, 8, 32
 2, 8, 33
 2, 8, 35
 2, 8, 36
 2, 8, 38
 2, 14, 8
 2, 14, 17
 2, 14, 19
 2, 14, 21
 2, 14, 22
 2, 14, 23
 2, 14, 24
 2, 14, 25
 2, 14, 27
 2, 14, 28
 2, 14, 29
 2, 14, 31
 2, 14, 33
 2, 14, 35
 2, 14, 36
 2, 15, 17
 2, 15, 18
 2, 15, 19
 2, 15, 22
 2, 15, 25
 2, 15, 28
 2, 15, 29
 2, 15, 31
 2, 15, 32
 2, 15, 34
 2, 15, 35
 2, 15, 36
 2, 16, 28
 2, 17, 14
 2, 17, 15
 2, 17, 21
 2, 17, 24
 2, 17, 31
 2, 17, 32
 2, 17, 35
 2, 17, 36
 2, 18, 8
 2, 18, 15
 2, 18, 22
 2, 18, 25
 2, 18, 28
 2, 18, 32
 2, 18, 33
 2, 18, 35
 2, 18, 36
 2, 19, 8
 2, 19, 14
 2, 19, 15
 2, 19, 21
 2, 19, 22
 2, 19, 23
 2, 19, 24
 2, 19, 25
 2, 19, 27
 2, 19, 28
 2, 19, 29
 2, 19, 30
 2, 19, 31
 2, 19, 34
 2, 19, 35
 2, 19, 36
 2, 20, 32
 2, 20, 33
 2, 20, 35
 2, 20, 36
 2, 21, 8
 2, 21, 14
 2, 21, 17
 2, 21, 19
 2, 21, 24
 2, 21, 25
 2, 21, 28
 2, 21, 31
 2, 21, 33
 2, 21, 35
 2, 21, 36
 2, 22, 8
 2, 22, 14
 2, 22, 15
 2, 22, 18
 2, 22, 19
 2, 22, 24
 2, 22, 25
 2, 22, 28
 2, 22, 31
 2, 22, 32
 2, 22, 33
 2, 22, 35
 2, 22, 36
 2, 23, 8
 2, 23, 14
 2, 23, 19
 2, 23, 28
 2, 24, 8
 2, 24, 14
 2, 24, 17
 2, 24, 19
 2, 24, 21
 2, 24, 22
 2, 24, 25
 2, 24, 27
 2, 24, 28
 2, 24, 29
 2, 24, 31
 2, 24, 32
 2, 24, 33
 2, 24, 35
 2, 24, 36
 2, 25, 8
 2, 25, 14
 2, 25, 15
 2, 25, 18
 2, 25, 19
 2, 25, 21
 2, 25, 22
 2, 25, 24
 2, 25, 27
 2, 25, 28
 2, 25, 29
 2, 25, 31
 2, 25, 34
 2, 25, 35
 2, 25, 36
 2, 26, 8
 2, 26, 32
 2, 26, 33
 2, 26, 34
 2, 26, 35
 2, 26, 36
 2, 27, 8
 2, 27, 14
 2, 27, 19
 2, 27, 24
 2, 27, 25
 2, 27, 28
 2, 27, 29
 2, 27, 30
 2, 27, 33
 2, 27, 35
 2, 27, 36
 2, 28, 8
 2, 28, 14
 2, 28, 15
 2, 28, 16
 2, 28, 18
 2, 28, 19
 2, 28, 21
 2, 28, 22
 2, 28, 23
 2, 28, 24
 2, 28, 25
 2, 28, 27
 2, 28, 32
 2, 28, 33
 2, 28, 34
 2, 28, 35
 2, 28, 36
 2, 29, 8
 2, 29, 14
 2, 29, 15
 2, 29, 19
 2, 29, 24
 2, 29, 25
 2, 29, 27
 2, 29, 31
 2, 29, 35
 2, 29, 36
 2, 30, 8
 2, 30, 19
 2, 30, 27
 2, 30, 35
 2, 30, 36
 2, 31, 8
 2, 31, 14
 2, 31, 15
 2, 31, 17
 2, 31, 19
 2, 31, 21
 2, 31, 22
 2, 31, 24
 2, 31, 25
 2, 31, 29
 2, 31, 35
 2, 32, 8
 2, 32, 15
 2, 32, 17
 2, 32, 18
 2, 32, 20
 2, 32, 22
 2, 32, 24
 2, 32, 26
 2, 32, 28
 2, 33, 8
 2, 33, 14
 2, 33, 18
 2, 33, 20
 2, 33, 21
 2, 33, 22
 2, 33, 24
 2, 33, 26
 2, 33, 27
 2, 33, 28
 2, 33, 35
 2, 34, 15
 2, 34, 19
 2, 34, 25
 2, 34, 26
 2, 34, 28
 2, 35, 8
 2, 35, 14
 2, 35, 15
 2, 35, 17
 2, 35, 18
 2, 35, 19
 2, 35, 20
 2, 35, 21
 2, 35, 22
 2, 35, 24
 2, 35, 25
 2, 35, 26
 2, 35, 27
 2, 35, 28
 2, 35, 29
 2, 35, 30
 2, 35, 31
 2, 35, 33
 2, 35, 36
 2, 36, 8
 2, 36, 14
 2, 36, 15
 2, 36, 17
 2, 36, 18
 2, 36, 19
 2, 36, 20
 2, 36, 21
 2, 36, 22
 2, 36, 24
 2, 36, 25
 2, 36, 26
 2, 36, 27
 2, 36, 28
 2, 36, 29
 2, 36, 30
 2, 36, 35
 2, 38, 8
 3, 6, 18
 3, 6, 22
 3, 6, 24
 3, 6, 25
 3, 6, 28
 3, 6, 31
 3, 6, 32
 3, 6, 33
 3, 6, 35
 3, 6, 36
 3, 6, 37
 3, 6, 41
 3, 8, 18
 3, 8, 21
 3, 8, 22
 3, 8, 23
 3, 8, 24
 3, 8, 25
 3, 8, 27
 3, 8, 28
 3, 8, 29
 3, 8, 30
 3, 8, 31
 3, 8, 32
 3, 8, 33
 3, 8, 35
 3, 8, 36
 3, 8, 37
 3, 8, 38
 3, 8, 40
 3, 8, 41
 3, 8, 46
 3, 9, 21
 3, 9, 23
 3, 9, 24
 3, 9, 25
 3, 9, 27
 3, 9, 28
 3, 9, 30
 3, 9, 33
 3, 9, 35
 3, 9, 36
 3, 9, 37
 3, 9, 40
 3, 9, 41
 3, 9, 46
 3, 10, 21
 3, 10, 22
 3, 10, 23
 3, 10, 24
 3, 10, 25
 3, 10, 27
 3, 10, 28
 3, 10, 29
 3, 10, 31
 3, 10, 33
 3, 10, 35
 3, 10, 37
 3, 10, 41
 3, 10, 46
 3, 13, 22
 3, 13, 24
 3, 13, 25
 3, 13, 27
 3, 13, 28
 3, 13, 29
 3, 13, 31
 3, 13, 32
 3, 13, 35
 3, 13, 36
 3, 13, 37
 3, 13, 40
 3, 13, 41
 3, 13, 46
 3, 16, 28
 3, 16, 40
 3, 18, 6
 3, 18, 8
 3, 18, 22
 3, 18, 25
 3, 18, 28
 3, 18, 32
 3, 18, 33
 3, 18, 35
 3, 18, 36
 3, 18, 37
 3, 18, 40
 3, 18, 41
 3, 18, 46
 3, 21, 8
 3, 21, 9
 3, 21, 10
 3, 21, 24
 3, 21, 25
 3, 21, 28
 3, 21, 31
 3, 21, 33
 3, 21, 35
 3, 21, 36
 3, 21, 37
 3, 21, 41
 3, 21, 46
 3, 22, 6
 3, 22, 8
 3, 22, 10
 3, 22, 13
 3, 22, 18
 3, 22, 24
 3, 22, 25
 3, 22, 28
 3, 22, 31
 3, 22, 32
 3, 22, 33
 3, 22, 35
 3, 22, 36
 3, 22, 37
 3, 22, 46
 3, 23, 8
 3, 23, 9
 3, 23, 10
 3, 23, 28
 3, 23, 40
 3, 23, 41
 3, 23, 46
 3, 24, 6
 3, 24, 8
 3, 24, 9
 3, 24, 10
 3, 24, 13
 3, 24, 21
 3, 24, 22
 3, 24, 25
 3, 24, 27
 3, 24, 28
 3, 24, 29
 3, 24, 31
 3, 24, 32
 3, 24, 33
 3, 24, 35
 3, 24, 36
 3, 24, 37
 3, 24, 40
 3, 24, 41
 3, 24, 46
 3, 25, 6
 3, 25, 8
 3, 25, 9
 3, 25, 10
 3, 25, 13
 3, 25, 18
 3, 25, 21
 3, 25, 22
 3, 25, 24
 3, 25, 27
 3, 25, 28
 3, 25, 29
 3, 25, 31
 3, 25, 35
 3, 25, 36
 3, 25, 37
 3, 25, 40
 3, 25, 41
 3, 25, 46
 3, 27, 8
 3, 27, 9
 3, 27, 10
 3, 27, 13
 3, 27, 24
 3, 27, 25
 3, 27, 28
 3, 27, 29
 3, 27, 30
 3, 27, 33
 3, 27, 35
 3, 27, 36
 3, 27, 37
 3, 27, 40
 3, 27, 41
 3, 27, 46
 3, 28, 6
 3, 28, 8
 3, 28, 9
 3, 28, 10
 3, 28, 13
 3, 28, 16
 3, 28, 18
 3, 28, 21
 3, 28, 22
 3, 28, 23
 3, 28, 24
 3, 28, 25
 3, 28, 27
 3, 28, 32
 3, 28, 33
 3, 28, 35
 3, 28, 36
 3, 28, 40
 3, 28, 41
 3, 28, 46
 3, 29, 8
 3, 29, 10
 3, 29, 13
 3, 29, 24
 3, 29, 25
 3, 29, 27
 3, 29, 31
 3, 29, 35
 3, 29, 36
 3, 29, 37
 3, 29, 41
 3, 29, 46
 3, 30, 8
 3, 30, 9
 3, 30, 27
 3, 30, 35
 3, 30, 36
 3, 30, 46
 3, 31, 6
 3, 31, 8
 3, 31, 10
 3, 31, 13
 3, 31, 21
 3, 31, 22
 3, 31, 24
 3, 31, 25
 3, 31, 29
 3, 31, 35
 3, 31, 37
 3, 31, 46
 3, 32, 6
 3, 32, 8
 3, 32, 13
 3, 32, 18
 3, 32, 22
 3, 32, 24
 3, 32, 28
 3, 32, 46
 3, 33, 6
 3, 33, 8
 3, 33, 9
 3, 33, 10
 3, 33, 18
 3, 33, 21
 3, 33, 22
 3, 33, 24
 3, 33, 27
 3, 33, 28
 3, 33, 35
 3, 33, 46
 3, 35, 6
 3, 35, 8
 3, 35, 9
 3, 35, 10
 3, 35, 13
 3, 35, 18
 3, 35, 21
 3, 35, 22
 3, 35, 24
 3, 35, 25
 3, 35, 27
 3, 35, 28
 3, 35, 29
 3, 35, 30
 3, 35, 31
 3, 35, 33
 3, 35, 36
 3, 35, 46
 3, 36, 6
 3, 36, 8
 3, 36, 9
 3, 36, 13
 3, 36, 18
 3, 36, 21
 3, 36, 22
 3, 36, 24
 3, 36, 25
 3, 36, 27
 3, 36, 28
 3, 36, 29
 3, 36, 30
 3, 36, 35
 3, 36, 46
 3, 37, 6
 3, 37, 8
 3, 37, 9
 3, 37, 10
 3, 37, 13
 3, 37, 18
 3, 37, 21
 3, 37, 22
 3, 37, 24
 3, 37, 25
 3, 37, 27
 3, 37, 29
 3, 37, 31
 3, 37, 46
 3, 38, 8
 3, 38, 40
 3, 38, 41
 3, 38, 46
 3, 40, 8
 3, 40, 9
 3, 40, 13
 3, 40, 16
 3, 40, 18
 3, 40, 23
 3, 40, 24
 3, 40, 25
 3, 40, 27
 3, 40, 28
 3, 40, 38
 3, 40, 41
 3, 40, 46
 3, 41, 6
 3, 41, 8
 3, 41, 9
 3, 41, 10
 3, 41, 13
 3, 41, 18
 3, 41, 21
 3, 41, 23
 3, 41, 24
 3, 41, 25
 3, 41, 27
 3, 41, 28
 3, 41, 29
 3, 41, 38
 3, 41, 40
 3, 41, 46
 3, 46, 8
 3, 46, 9
 3, 46, 10
 3, 46, 13
 3, 46, 18
 3, 46, 21
 3, 46, 22
 3, 46, 23
 3, 46, 24
 3, 46, 25
 3, 46, 27
 3, 46, 28
 3, 46, 29
 3, 46, 30
 3, 46, 31
 3, 46, 32
 3, 46, 33
 3, 46, 35
 3, 46, 36
 3, 46, 37
 3, 46, 38
 3, 46, 40
 3, 46, 41
 4, 8, 21
 4, 8, 22
 4, 8, 23
 4, 8, 24
 4, 8, 25
 4, 8, 29
 4, 8, 30
 4, 8, 32
 4, 8, 33
 4, 8, 35
 4, 8, 37
 4, 8, 38
 4, 10, 15
 4, 10, 21
 4, 10, 22
 4, 10, 23
 4, 10, 24
 4, 10, 25
 4, 10, 29
 4, 10, 33
 4, 10, 35
 4, 10, 37
 4, 13, 22
 4, 13, 24
 4, 13, 25
 4, 13, 29
 4, 13, 32
 4, 13, 34
 4, 13, 35
 4, 13, 37
 4, 15, 10
 4, 15, 22
 4, 15, 25
 4, 15, 29
 4, 15, 32
 4, 15, 34
 4, 15, 35
 4, 15, 37
 4, 21, 8
 4, 21, 10
 4, 21, 24
 4, 21, 25
 4, 21, 33
 4, 21, 35
 4, 21, 37
 4, 22, 8
 4, 22, 10
 4, 22, 13
 4, 22, 15
 4, 22, 24
 4, 22, 25
 4, 22, 32
 4, 22, 33
 4, 22, 35
 4, 22, 37
 4, 23, 8
 4, 23, 10
 4, 24, 8
 4, 24, 10
 4, 24, 13
 4, 24, 21
 4, 24, 22
 4, 24, 25
 4, 24, 29
 4, 24, 32
 4, 24, 33
 4, 24, 35
 4, 24, 37
 4, 25, 8
 4, 25, 10
 4, 25, 13
 4, 25, 15
 4, 25, 21
 4, 25, 22
 4, 25, 24
 4, 25, 29
 4, 25, 34
 4, 25, 35
 4, 25, 37
 4, 29, 8
 4, 29, 10
 4, 29, 13
 4, 29, 15
 4, 29, 24
 4, 29, 25
 4, 29, 35
 4, 29, 37
 4, 30, 8
 4, 30, 35
 4, 32, 8
 4, 32, 13
 4, 32, 15
 4, 32, 22
 4, 32, 24
 4, 33, 8
 4, 33, 10
 4, 33, 21
 4, 33, 22
 4, 33, 24
 4, 33, 35
 4, 34, 13
 4, 34, 15
 4, 34, 25
 4, 35, 8
 4, 35, 10
 4, 35, 13
 4, 35, 15
 4, 35, 21
 4, 35, 22
 4, 35, 24
 4, 35, 25
 4, 35, 29
 4, 35, 30
 4, 35, 33
 4, 37, 8
 4, 37, 10
 4, 37, 13
 4, 37, 15
 4, 37, 21
 4, 37, 22
 4, 37, 24
 4, 37, 25
 4, 37, 29
 4, 38, 8
 6, 15, 17
 6, 15, 18
 6, 15, 19
 6, 15, 22
 6, 15, 25
 6, 15, 28
 6, 15, 31
 6, 15, 32
 6, 15, 34
 6, 15, 35
 6, 15, 36
 6, 15, 37
 6, 15, 41
 6, 17, 15
 6, 17, 24
 6, 17, 31
 6, 17, 32
 6, 17, 35
 6, 17, 36
 6, 17, 37
 6, 17, 41
 6, 18, 15
 6, 18, 22
 6, 18, 25
 6, 18, 28
 6, 18, 32
 6, 18, 33
 6, 18, 35
 6, 18, 36
 6, 18, 37
 6, 18, 41
 6, 19, 15
 6, 19, 22
 6, 19, 24
 6, 19, 25
 6, 19, 28
 6, 19, 31
 6, 19, 34
 6, 19, 35
 6, 19, 36
 6, 19, 41
 6, 20, 32
 6, 20, 33
 6, 20, 35
 6, 20, 36
 6, 22, 15
 6, 22, 18
 6, 22, 19
 6, 22, 24
 6, 22, 25
 6, 22, 28
 6, 22, 31
 6, 22, 32
 6, 22, 33
 6, 22, 35
 6, 22, 36
 6, 22, 37
 6, 24, 17
 6, 24, 19
 6, 24, 22
 6, 24, 25
 6, 24, 28
 6, 24, 31
 6, 24, 32
 6, 24, 33
 6, 24, 35
 6, 24, 36
 6, 24, 37
 6, 24, 41
 6, 25, 15
 6, 25, 18
 6, 25, 19
 6, 25, 22
 6, 25, 24
 6, 25, 28
 6, 25, 31
 6, 25, 34
 6, 25, 35
 6, 25, 36
 6, 25, 37
 6, 25, 41
 6, 26, 32
 6, 26, 33
 6, 26, 34
 6, 26, 35
 6, 26, 36
 6, 26, 37
 6, 26, 41
 6, 28, 15
 6, 28, 18
 6, 28, 19
 6, 28, 22
 6, 28, 24
 6, 28, 25
 6, 28, 32
 6, 28, 33
 6, 28, 34
 6, 28, 35
 6, 28, 36
 6, 28, 41
 6, 31, 15
 6, 31, 17
 6, 31, 19
 6, 31, 22
 6, 31, 24
 6, 31, 25
 6, 31, 35
 6, 31, 37
 6, 32, 15
 6, 32, 17
 6, 32, 18
 6, 32, 20
 6, 32, 22
 6, 32, 24
 6, 32, 26
 6, 32, 28
 6, 33, 18
 6, 33, 20
 6, 33, 22
 6, 33, 24
 6, 33, 26
 6, 33, 28
 6, 33, 35
 6, 34, 15
 6, 34, 19
 6, 34, 25
 6, 34, 26
 6, 34, 28
 6, 35, 15
 6, 35, 17
 6, 35, 18
 6, 35, 19
 6, 35, 20
 6, 35, 22
 6, 35, 24
 6, 35, 25
 6, 35, 26
 6, 35, 28
 6, 35, 31
 6, 35, 33
 6, 35, 36
 6, 36, 15
 6, 36, 17
 6, 36, 18
 6, 36, 19
 6, 36, 20
 6, 36, 22
 6, 36, 24
 6, 36, 25
 6, 36, 26
 6, 36, 28
 6, 36, 35
 6, 37, 15
 6, 37, 17
 6, 37, 18
 6, 37, 22
 6, 37, 24
 6, 37, 25
 6, 37, 26
 6, 37, 31
 6, 41, 15
 6, 41, 17
 6, 41, 18
 6, 41, 19
 6, 41, 24
 6, 41, 25
 6, 41, 26
 6, 41, 28
 7, 46, 47
 7, 47, 46
 8, 14, 19
 8, 14, 21
 8, 14, 22
 8, 14, 23
 8, 14, 24
 8, 14, 25
 8, 14, 27
 8, 14, 28
 8, 14, 29
 8, 14, 31
 8, 14, 33
 8, 14, 35
 8, 14, 36
 8, 14, 37
 8, 14, 39
 8, 14, 40
 8, 14, 41
 8, 14, 42
 8, 14, 43
 8, 14, 44
 8, 14, 45
 8, 14, 46
 8, 18, 22
 8, 18, 25
 8, 18, 28
 8, 18, 32
 8, 18, 33
 8, 18, 35
 8, 18, 36
 8, 18, 37
 8, 18, 40
 8, 18, 41
 8, 18, 42
 8, 18, 43
 8, 18, 44
 8, 18, 45
 8, 18, 46
 8, 19, 14
 8, 19, 21
 8, 19, 22
 8, 19, 23
 8, 19, 24
 8, 19, 25
 8, 19, 27
 8, 19, 28
 8, 19, 29
 8, 19, 30
 8, 19, 31
 8, 19, 35
 8, 19, 36
 8, 19, 40
 8, 19, 41
 8, 19, 42
 8, 19, 43
 8, 19, 45
 8, 19, 46
 8, 21, 14
 8, 21, 19
 8, 21, 24
 8, 21, 25
 8, 21, 28
 8, 21, 31
 8, 21, 33
 8, 21, 35
 8, 21, 36
 8, 21, 37
 8, 21, 41
 8, 21, 42
 8, 21, 45
 8, 21, 46
 8, 22, 14
 8, 22, 18
 8, 22, 19
 8, 22, 24
 8, 22, 25
 8, 22, 28
 8, 22, 31
 8, 22, 32
 8, 22, 33
 8, 22, 35
 8, 22, 36
 8, 22, 37
 8, 22, 46
 8, 23, 14
 8, 23, 19
 8, 23, 28
 8, 23, 40
 8, 23, 41
 8, 23, 42
 8, 23, 43
 8, 23, 44
 8, 23, 45
 8, 23, 46
 8, 24, 14
 8, 24, 19
 8, 24, 21
 8, 24, 22
 8, 24, 25
 8, 24, 27
 8, 24, 28
 8, 24, 29
 8, 24, 31
 8, 24, 32
 8, 24, 33
 8, 24, 35
 8, 24, 36
 8, 24, 37
 8, 24, 40
 8, 24, 41
 8, 24, 42
 8, 24, 43
 8, 24, 44
 8, 24, 45
 8, 24, 46
 8, 25, 14
 8, 25, 18
 8, 25, 19
 8, 25, 21
 8, 25, 22
 8, 25, 24
 8, 25, 27
 8, 25, 28
 8, 25, 29
 8, 25, 31
 8, 25, 35
 8, 25, 36
 8, 25, 37
 8, 25, 40
 8, 25, 41
 8, 25, 42
 8, 25, 43
 8, 25, 44
 8, 25, 45
 8, 25, 46
 8, 26, 32
 8, 26, 33
 8, 26, 35
 8, 26, 36
 8, 26, 37
 8, 26, 41
 8, 26, 42
 8, 26, 43
 8, 26, 45
 8, 26, 46
 8, 27, 14
 8, 27, 19
 8, 27, 24
 8, 27, 25
 8, 27, 28
 8, 27, 29
 8, 27, 30
 8, 27, 33
 8, 27, 35
 8, 27, 36
 8, 27, 37
 8, 27, 40
 8, 27, 41
 8, 27, 42
 8, 27, 43
 8, 27, 44
 8, 27, 45
 8, 27, 46
 8, 28, 14
 8, 28, 18
 8, 28, 19
 8, 28, 21
 8, 28, 22
 8, 28, 23
 8, 28, 24
 8, 28, 25
 8, 28, 27
 8, 28, 32
 8, 28, 33
 8, 28, 35
 8, 28, 36
 8, 28, 40
 8, 28, 41
 8, 28, 42
 8, 28, 43
 8, 28, 44
 8, 28, 45
 8, 28, 46
 8, 29, 14
 8, 29, 19
 8, 29, 24
 8, 29, 25
 8, 29, 27
 8, 29, 31
 8, 29, 35
 8, 29, 36
 8, 29, 37
 8, 29, 41
 8, 29, 46
 8, 30, 19
 8, 30, 27
 8, 30, 35
 8, 30, 36
 8, 30, 42
 8, 30, 43
 8, 30, 44
 8, 30, 45
 8, 30, 46
 8, 31, 14
 8, 31, 19
 8, 31, 21
 8, 31, 22
 8, 31, 24
 8, 31, 25
 8, 31, 29
 8, 31, 35
 8, 31, 37
 8, 31, 46
 8, 32, 18
 8, 32, 22
 8, 32, 24
 8, 32, 26
 8, 32, 28
 8, 32, 45
 8, 32, 46
 8, 33, 14
 8, 33, 18
 8, 33, 21
 8, 33, 22
 8, 33, 24
 8, 33, 26
 8, 33, 27
 8, 33, 28
 8, 33, 35
 8, 33, 46
 8, 35, 14
 8, 35, 18
 8, 35, 19
 8, 35, 21
 8, 35, 22
 8, 35, 24
 8, 35, 25
 8, 35, 26
 8, 35, 27
 8, 35, 28
 8, 35, 29
 8, 35, 30
 8, 35, 31
 8, 35, 33
 8, 35, 36
 8, 35, 46
 8, 36, 14
 8, 36, 18
 8, 36, 19
 8, 36, 21
 8, 36, 22
 8, 36, 24
 8, 36, 25
 8, 36, 26
 8, 36, 27
 8, 36, 28
 8, 36, 29
 8, 36, 30
 8, 36, 35
 8, 36, 46
 8, 37, 14
 8, 37, 18
 8, 37, 21
 8, 37, 22
 8, 37, 24
 8, 37, 25
 8, 37, 26
 8, 37, 27
 8, 37, 29
 8, 37, 31
 8, 37, 46
 8, 38, 40
 8, 38, 41
 8, 38, 42
 8, 38, 43
 8, 38, 44
 8, 38, 45
 8, 38, 46
 8, 39, 14
 8, 39, 40
 8, 39, 41
 8, 39, 42
 8, 39, 43
 8, 39, 44
 8, 39, 45
 8, 39, 46
 8, 40, 14
 8, 40, 18
 8, 40, 19
 8, 40, 23
 8, 40, 24
 8, 40, 25
 8, 40, 27
 8, 40, 28
 8, 40, 38
 8, 40, 39
 8, 40, 41
 8, 40, 42
 8, 40, 43
 8, 40, 44
 8, 40, 45
 8, 40, 46
 8, 41, 14
 8, 41, 18
 8, 41, 19
 8, 41, 21
 8, 41, 23
 8, 41, 24
 8, 41, 25
 8, 41, 26
 8, 41, 27
 8, 41, 28
 8, 41, 29
 8, 41, 38
 8, 41, 39
 8, 41, 40
 8, 41, 43
 8, 41, 45
 8, 41, 46
 8, 42, 14
 8, 42, 18
 8, 42, 19
 8, 42, 21
 8, 42, 23
 8, 42, 24
 8, 42, 25
 8, 42, 26
 8, 42, 27
 8, 42, 28
 8, 42, 30
 8, 42, 38
 8, 42, 39
 8, 42, 40
 8, 43, 14
 8, 43, 18
 8, 43, 19
 8, 43, 23
 8, 43, 24
 8, 43, 25
 8, 43, 26
 8, 43, 27
 8, 43, 28
 8, 43, 30
 8, 43, 38
 8, 43, 39
 8, 43, 40
 8, 43, 41
 8, 44, 14
 8, 44, 18
 8, 44, 23
 8, 44, 24
 8, 44, 25
 8, 44, 27
 8, 44, 28
 8, 44, 30
 8, 44, 38
 8, 44, 39
 8, 44, 40
 8, 45, 14
 8, 45, 18
 8, 45, 19
 8, 45, 21
 8, 45, 23
 8, 45, 24
 8, 45, 25
 8, 45, 26
 8, 45, 27
 8, 45, 28
 8, 45, 30
 8, 45, 32
 8, 45, 38
 8, 45, 39
 8, 45, 40
 8, 45, 41
 8, 46, 14
 8, 46, 18
 8, 46, 19
 8, 46, 21
 8, 46, 22
 8, 46, 23
 8, 46, 24
 8, 46, 25
 8, 46, 26
 8, 46, 27
 8, 46, 28
 8, 46, 29
 8, 46, 30
 8, 46, 31
 8, 46, 32
 8, 46, 33
 8, 46, 35
 8, 46, 36
 8, 46, 37
 8, 46, 38
 8, 46, 39
 8, 46, 40
 8, 46, 41
 9, 21, 24
 9, 21, 25
 9, 21, 28
 9, 21, 33
 9, 21, 35
 9, 21, 36
 9, 21, 37
 9, 21, 41
 9, 21, 42
 9, 21, 45
 9, 21, 46
 9, 23, 28
 9, 23, 40
 9, 23, 41
 9, 23, 42
 9, 23, 43
 9, 23, 44
 9, 23, 45
 9, 23, 46
 9, 24, 21
 9, 24, 25
 9, 24, 27
 9, 24, 28
 9, 24, 33
 9, 24, 35
 9, 24, 36
 9, 24, 37
 9, 24, 40
 9, 24, 41
 9, 24, 42
 9, 24, 43
 9, 24, 44
 9, 24, 45
 9, 24, 46
 9, 25, 21
 9, 25, 24
 9, 25, 27
 9, 25, 28
 9, 25, 35
 9, 25, 36
 9, 25, 37
 9, 25, 40
 9, 25, 41
 9, 25, 42
 9, 25, 43
 9, 25, 44
 9, 25, 45
 9, 25, 46
 9, 27, 24
 9, 27, 25
 9, 27, 28
 9, 27, 30
 9, 27, 33
 9, 27, 35
 9, 27, 36
 9, 27, 37
 9, 27, 40
 9, 27, 41
 9, 27, 42
 9, 27, 43
 9, 27, 44
 9, 27, 45
 9, 27, 46
 9, 28, 21
 9, 28, 23
 9, 28, 24
 9, 28, 25
 9, 28, 27
 9, 28, 33
 9, 28, 35
 9, 28, 36
 9, 28, 40
 9, 28, 41
 9, 28, 42
 9, 28, 43
 9, 28, 44
 9, 28, 45
 9, 28, 46
 9, 30, 27
 9, 30, 35
 9, 30, 36
 9, 30, 42
 9, 30, 43
 9, 30, 44
 9, 30, 45
 9, 30, 46
 9, 33, 21
 9, 33, 24
 9, 33, 27
 9, 33, 28
 9, 33, 35
 9, 33, 46
 9, 35, 21
 9, 35, 24
 9, 35, 25
 9, 35, 27
 9, 35, 28
 9, 35, 30
 9, 35, 33
 9, 35, 36
 9, 35, 46
 9, 36, 21
 9, 36, 24
 9, 36, 25
 9, 36, 27
 9, 36, 28
 9, 36, 30
 9, 36, 35
 9, 36, 46
 9, 37, 21
 9, 37, 24
 9, 37, 25
 9, 37, 27
 9, 37, 46
 9, 40, 23
 9, 40, 24
 9, 40, 25
 9, 40, 27
 9, 40, 28
 9, 40, 41
 9, 40, 42
 9, 40, 43
 9, 40, 44
 9, 40, 45
 9, 40, 46
 9, 41, 21
 9, 41, 23
 9, 41, 24
 9, 41, 25
 9, 41, 27
 9, 41, 28
 9, 41, 40
 9, 41, 43
 9, 41, 45
 9, 41, 46
 9, 42, 21
 9, 42, 23
 9, 42, 24
 9, 42, 25
 9, 42, 27
 9, 42, 28
 9, 42, 30
 9, 42, 40
 9, 43, 23
 9, 43, 24
 9, 43, 25
 9, 43, 27
 9, 43, 28
 9, 43, 30
 9, 43, 40
 9, 43, 41
 9, 44, 23
 9, 44, 24
 9, 44, 25
 9, 44, 27
 9, 44, 28
 9, 44, 30
 9, 44, 40
 9, 45, 21
 9, 45, 23
 9, 45, 24
 9, 45, 25
 9, 45, 27
 9, 45, 28
 9, 45, 30
 9, 45, 40
 9, 45, 41
 9, 46, 21
 9, 46, 23
 9, 46, 24
 9, 46, 25
 9, 46, 27
 9, 46, 28
 9, 46, 30
 9, 46, 33
 9, 46, 35
 9, 46, 36
 9, 46, 37
 9, 46, 40
 9, 46, 41
 10, 14, 21
 10, 14, 22
 10, 14, 23
 10, 14, 24
 10, 14, 25
 10, 14, 27
 10, 14, 28
 10, 14, 29
 10, 14, 31
 10, 14, 33
 10, 14, 35
 10, 14, 37
 10, 14, 41
 10, 14, 45
 10, 14, 46
 10, 15, 22
 10, 15, 25
 10, 15, 28
 10, 15, 29
 10, 15, 31
 10, 15, 35
 10, 15, 37
 10, 15, 41
 10, 15, 45
 10, 15, 46
 10, 21, 14
 10, 21, 24
 10, 21, 25
 10, 21, 28
 10, 21, 31
 10, 21, 33
 10, 21, 35
 10, 21, 37
 10, 21, 41
 10, 21, 45
 10, 21, 46
 10, 22, 14
 10, 22, 15
 10, 22, 24
 10, 22, 25
 10, 22, 28
 10, 22, 31
 10, 22, 33
 10, 22, 35
 10, 22, 37
 10, 22, 46
 10, 23, 14
 10, 23, 28
 10, 23, 41
 10, 23, 45
 10, 23, 46
 10, 24, 14
 10, 24, 21
 10, 24, 22
 10, 24, 25
 10, 24, 27
 10, 24, 28
 10, 24, 29
 10, 24, 31
 10, 24, 33
 10, 24, 35
 10, 24, 37
 10, 24, 41
 10, 24, 45
 10, 24, 46
 10, 25, 14
 10, 25, 15
 10, 25, 21
 10, 25, 22
 10, 25, 24
 10, 25, 27
 10, 25, 28
 10, 25, 29
 10, 25, 31
 10, 25, 35
 10, 25, 37
 10, 25, 41
 10, 25, 45
 10, 25, 46
 10, 27, 14
 10, 27, 24
 10, 27, 25
 10, 27, 28
 10, 27, 29
 10, 27, 33
 10, 27, 35
 10, 27, 37
 10, 27, 41
 10, 27, 45
 10, 27, 46
 10, 28, 14
 10, 28, 15
 10, 28, 21
 10, 28, 22
 10, 28, 23
 10, 28, 24
 10, 28, 25
 10, 28, 27
 10, 28, 33
 10, 28, 35
 10, 28, 41
 10, 28, 45
 10, 28, 46
 10, 29, 14
 10, 29, 15
 10, 29, 24
 10, 29, 25
 10, 29, 27
 10, 29, 31
 10, 29, 35
 10, 29, 37
 10, 29, 41
 10, 29, 46
 10, 31, 14
 10, 31, 15
 10, 31, 21
 10, 31, 22
 10, 31, 24
 10, 31, 25
 10, 31, 29
 10, 31, 35
 10, 31, 37
 10, 31, 46
 10, 33, 14
 10, 33, 21
 10, 33, 22
 10, 33, 24
 10, 33, 27
 10, 33, 28
 10, 33, 35
 10, 33, 46
 10, 35, 14
 10, 35, 15
 10, 35, 21
 10, 35, 22
 10, 35, 24
 10, 35, 25
 10, 35, 27
 10, 35, 28
 10, 35, 29
 10, 35, 31
 10, 35, 33
 10, 35, 46
 10, 37, 14
 10, 37, 15
 10, 37, 21
 10, 37, 22
 10, 37, 24
 10, 37, 25
 10, 37, 27
 10, 37, 29
 10, 37, 31
 10, 37, 46
 10, 41, 14
 10, 41, 15
 10, 41, 21
 10, 41, 23
 10, 41, 24
 10, 41, 25
 10, 41, 27
 10, 41, 28
 10, 41, 29
 10, 41, 45
 10, 41, 46
 10, 45, 14
 10, 45, 15
 10, 45, 21
 10, 45, 23
 10, 45, 24
 10, 45, 25
 10, 45, 27
 10, 45, 28
 10, 45, 41
 10, 46, 14
 10, 46, 15
 10, 46, 21
 10, 46, 22
 10, 46, 23
 10, 46, 24
 10, 46, 25
 10, 46, 27
 10, 46, 28
 10, 46, 29
 10, 46, 31
 10, 46, 33
 10, 46, 35
 10, 46, 37
 10, 46, 41
 11, 14, 19
 11, 14, 21
 11, 14, 22
 11, 14, 23
 11, 14, 24
 11, 14, 25
 11, 14, 27
 11, 14, 28
 11, 14, 29
 11, 14, 31
 11, 14, 35
 11, 14, 36
 11, 14, 39
 11, 14, 40
 11, 14, 41
 11, 14, 42
 11, 14, 43
 11, 14, 45
 11, 14, 46
 11, 14, 47
 11, 19, 14
 11, 19, 21
 11, 19, 22
 11, 19, 23
 11, 19, 24
 11, 19, 25
 11, 19, 27
 11, 19, 28
 11, 19, 29
 11, 19, 30
 11, 19, 31
 11, 19, 34
 11, 19, 35
 11, 19, 36
 11, 19, 40
 11, 19, 41
 11, 19, 42
 11, 19, 43
 11, 19, 45
 11, 19, 46
 11, 19, 47
 11, 21, 14
 11, 21, 19
 11, 21, 24
 11, 21, 25
 11, 21, 28
 11, 21, 31
 11, 21, 35
 11, 21, 36
 11, 21, 41
 11, 21, 42
 11, 21, 45
 11, 21, 46
 11, 22, 14
 11, 22, 19
 11, 22, 24
 11, 22, 25
 11, 22, 28
 11, 22, 31
 11, 22, 35
 11, 22, 36
 11, 22, 46
 11, 23, 14
 11, 23, 19
 11, 23, 28
 11, 23, 40
 11, 23, 41
 11, 23, 42
 11, 23, 43
 11, 23, 45
 11, 23, 46
 11, 24, 14
 11, 24, 19
 11, 24, 21
 11, 24, 22
 11, 24, 25
 11, 24, 27
 11, 24, 28
 11, 24, 29
 11, 24, 31
 11, 24, 35
 11, 24, 36
 11, 24, 40
 11, 24, 41
 11, 24, 42
 11, 24, 43
 11, 24, 45
 11, 24, 46
 11, 24, 47
 11, 25, 14
 11, 25, 19
 11, 25, 21
 11, 25, 22
 11, 25, 24
 11, 25, 27
 11, 25, 28
 11, 25, 29
 11, 25, 31
 11, 25, 34
 11, 25, 35
 11, 25, 36
 11, 25, 40
 11, 25, 41
 11, 25, 42
 11, 25, 43
 11, 25, 45
 11, 25, 46
 11, 25, 47
 11, 27, 14
 11, 27, 19
 11, 27, 24
 11, 27, 25
 11, 27, 28
 11, 27, 29
 11, 27, 30
 11, 27, 35
 11, 27, 36
 11, 27, 40
 11, 27, 41
 11, 27, 42
 11, 27, 43
 11, 27, 45
 11, 27, 46
 11, 27, 47
 11, 28, 14
 11, 28, 19
 11, 28, 21
 11, 28, 22
 11, 28, 23
 11, 28, 24
 11, 28, 25
 11, 28, 27
 11, 28, 34
 11, 28, 35
 11, 28, 36
 11, 28, 40
 11, 28, 41
 11, 28, 42
 11, 28, 43
 11, 28, 45
 11, 28, 46
 11, 28, 47
 11, 29, 14
 11, 29, 19
 11, 29, 24
 11, 29, 25
 11, 29, 27
 11, 29, 31
 11, 29, 35
 11, 29, 36
 11, 29, 41
 11, 29, 46
 11, 29, 47
 11, 30, 19
 11, 30, 27
 11, 30, 35
 11, 30, 36
 11, 30, 42
 11, 30, 43
 11, 30, 45
 11, 30, 46
 11, 31, 14
 11, 31, 19
 11, 31, 21
 11, 31, 22
 11, 31, 24
 11, 31, 25
 11, 31, 29
 11, 31, 35
 11, 31, 46
 11, 31, 47
 11, 34, 19
 11, 34, 25
 11, 34, 28
 11, 34, 46
 11, 34, 47
 11, 35, 14
 11, 35, 19
 11, 35, 21
 11, 35, 22
 11, 35, 24
 11, 35, 25
 11, 35, 27
 11, 35, 28
 11, 35, 29
 11, 35, 30
 11, 35, 31
 11, 35, 36
 11, 35, 46
 11, 35, 47
 11, 36, 14
 11, 36, 19
 11, 36, 21
 11, 36, 22
 11, 36, 24
 11, 36, 25
 11, 36, 27
 11, 36, 28
 11, 36, 29
 11, 36, 30
 11, 36, 35
 11, 36, 46
 11, 36, 47
 11, 39, 14
 11, 39, 40
 11, 39, 41
 11, 39, 42
 11, 39, 43
 11, 39, 45
 11, 39, 46
 11, 39, 47
 11, 40, 14
 11, 40, 19
 11, 40, 23
 11, 40, 24
 11, 40, 25
 11, 40, 27
 11, 40, 28
 11, 40, 39
 11, 40, 41
 11, 40, 42
 11, 40, 43
 11, 40, 45
 11, 40, 46
 11, 40, 47
 11, 41, 14
 11, 41, 19
 11, 41, 21
 11, 41, 23
 11, 41, 24
 11, 41, 25
 11, 41, 27
 11, 41, 28
 11, 41, 29
 11, 41, 39
 11, 41, 40
 11, 41, 43
 11, 41, 45
 11, 41, 46
 11, 41, 47
 11, 42, 14
 11, 42, 19
 11, 42, 21
 11, 42, 23
 11, 42, 24
 11, 42, 25
 11, 42, 27
 11, 42, 28
 11, 42, 30
 11, 42, 39
 11, 42, 40
 11, 43, 14
 11, 43, 19
 11, 43, 23
 11, 43, 24
 11, 43, 25
 11, 43, 27
 11, 43, 28
 11, 43, 30
 11, 43, 39
 11, 43, 40
 11, 43, 41
 11, 45, 14
 11, 45, 19
 11, 45, 21
 11, 45, 23
 11, 45, 24
 11, 45, 25
 11, 45, 27
 11, 45, 28
 11, 45, 30
 11, 45, 39
 11, 45, 40
 11, 45, 41
 11, 46, 14
 11, 46, 19
 11, 46, 21
 11, 46, 22
 11, 46, 23
 11, 46, 24
 11, 46, 25
 11, 46, 27
 11, 46, 28
 11, 46, 29
 11, 46, 30
 11, 46, 31
 11, 46, 34
 11, 46, 35
 11, 46, 36
 11, 46, 39
 11, 46, 40
 11, 46, 41
 11, 46, 47
 11, 47, 14
 11, 47, 19
 11, 47, 24
 11, 47, 25
 11, 47, 27
 11, 47, 28
 11, 47, 29
 11, 47, 31
 11, 47, 34
 11, 47, 35
 11, 47, 36
 11, 47, 39
 11, 47, 40
 11, 47, 41
 11, 47, 46
 12, 19, 21
 12, 19, 22
 12, 19, 24
 12, 19, 25
 12, 19, 28
 12, 19, 29
 12, 19, 31
 12, 19, 34
 12, 19, 35
 12, 19, 36
 12, 19, 41
 12, 19, 43
 12, 19, 45
 12, 19, 46
 12, 21, 19
 12, 21, 24
 12, 21, 25
 12, 21, 28
 12, 21, 31
 12, 21, 33
 12, 21, 35
 12, 21, 36
 12, 21, 37
 12, 21, 41
 12, 21, 45
 12, 21, 46
 12, 22, 19
 12, 22, 24
 12, 22, 25
 12, 22, 28
 12, 22, 31
 12, 22, 32
 12, 22, 33
 12, 22, 35
 12, 22, 36
 12, 22, 37
 12, 22, 46
 12, 24, 19
 12, 24, 21
 12, 24, 22
 12, 24, 25
 12, 24, 28
 12, 24, 29
 12, 24, 31
 12, 24, 32
 12, 24, 33
 12, 24, 35
 12, 24, 36
 12, 24, 37
 12, 24, 41
 12, 24, 43
 12, 24, 45
 12, 24, 46
 12, 25, 19
 12, 25, 21
 12, 25, 22
 12, 25, 24
 12, 25, 28
 12, 25, 29
 12, 25, 31
 12, 25, 34
 12, 25, 35
 12, 25, 36
 12, 25, 37
 12, 25, 41
 12, 25, 43
 12, 25, 45
 12, 25, 46
 12, 28, 19
 12, 28, 21
 12, 28, 22
 12, 28, 24
 12, 28, 25
 12, 28, 32
 12, 28, 33
 12, 28, 34
 12, 28, 35
 12, 28, 36
 12, 28, 41
 12, 28, 43
 12, 28, 45
 12, 28, 46
 12, 29, 19
 12, 29, 24
 12, 29, 25
 12, 29, 31
 12, 29, 35
 12, 29, 36
 12, 29, 37
 12, 29, 41
 12, 29, 46
 12, 31, 19
 12, 31, 21
 12, 31, 22
 12, 31, 24
 12, 31, 25
 12, 31, 29
 12, 31, 35
 12, 31, 37
 12, 31, 46
 12, 32, 22
 12, 32, 24
 12, 32, 28
 12, 32, 45
 12, 32, 46
 12, 33, 21
 12, 33, 22
 12, 33, 24
 12, 33, 28
 12, 33, 35
 12, 33, 46
 12, 34, 19
 12, 34, 25
 12, 34, 28
 12, 34, 46
 12, 35, 19
 12, 35, 21
 12, 35, 22
 12, 35, 24
 12, 35, 25
 12, 35, 28
 12, 35, 29
 12, 35, 31
 12, 35, 33
 12, 35, 36
 12, 35, 46
 12, 36, 19
 12, 36, 21
 12, 36, 22
 12, 36, 24
 12, 36, 25
 12, 36, 28
 12, 36, 29
 12, 36, 35
 12, 36, 46
 12, 37, 21
 12, 37, 22
 12, 37, 24
 12, 37, 25
 12, 37, 29
 12, 37, 31
 12, 37, 46
 12, 41, 19
 12, 41, 21
 12, 41, 24
 12, 41, 25
 12, 41, 28
 12, 41, 29
 12, 41, 43
 12, 41, 45
 12, 41, 46
 12, 43, 19
 12, 43, 24
 12, 43, 25
 12, 43, 28
 12, 43, 41
 12, 45, 19
 12, 45, 21
 12, 45, 24
 12, 45, 25
 12, 45, 28
 12, 45, 32
 12, 45, 41
 12, 46, 19
 12, 46, 21
 12, 46, 22
 12, 46, 24
 12, 46, 25
 12, 46, 28
 12, 46, 29
 12, 46, 31
 12, 46, 32
 12, 46, 33
 12, 46, 34
 12, 46, 35
 12, 46, 36
 12, 46, 37
 12, 46, 41
 13, 14, 19
 13, 14, 22
 13, 14, 24
 13, 14, 25
 13, 14, 27
 13, 14, 28
 13, 14, 29
 13, 14, 31
 13, 14, 35
 13, 14, 36
 13, 14, 37
 13, 14, 39
 13, 14, 40
 13, 14, 41
 13, 14, 42
 13, 14, 43
 13, 14, 44
 13, 14, 45
 13, 14, 46
 13, 14, 47
 13, 19, 14
 13, 19, 22
 13, 19, 24
 13, 19, 25
 13, 19, 27
 13, 19, 28
 13, 19, 29
 13, 19, 31
 13, 19, 34
 13, 19, 35
 13, 19, 36
 13, 19, 40
 13, 19, 41
 13, 19, 42
 13, 19, 43
 13, 19, 45
 13, 19, 46
 13, 19, 47
 13, 22, 14
 13, 22, 19
 13, 22, 24
 13, 22, 25
 13, 22, 28
 13, 22, 31
 13, 22, 32
 13, 22, 35
 13, 22, 36
 13, 22, 37
 13, 22, 46
 13, 24, 14
 13, 24, 19
 13, 24, 22
 13, 24, 25
 13, 24, 27
 13, 24, 28
 13, 24, 29
 13, 24, 31
 13, 24, 32
 13, 24, 35
 13, 24, 36
 13, 24, 37
 13, 24, 40
 13, 24, 41
 13, 24, 42
 13, 24, 43
 13, 24, 44
 13, 24, 45
 13, 24, 46
 13, 24, 47
 13, 25, 14
 13, 25, 19
 13, 25, 22
 13, 25, 24
 13, 25, 27
 13, 25, 28
 13, 25, 29
 13, 25, 31
 13, 25, 34
 13, 25, 35
 13, 25, 36
 13, 25, 37
 13, 25, 40
 13, 25, 41
 13, 25, 42
 13, 25, 43
 13, 25, 44
 13, 25, 45
 13, 25, 46
 13, 25, 47
 13, 27, 14
 13, 27, 19
 13, 27, 24
 13, 27, 25
 13, 27, 28
 13, 27, 29
 13, 27, 35
 13, 27, 36
 13, 27, 37
 13, 27, 40
 13, 27, 41
 13, 27, 42
 13, 27, 43
 13, 27, 44
 13, 27, 45
 13, 27, 46
 13, 27, 47
 13, 28, 14
 13, 28, 19
 13, 28, 22
 13, 28, 24
 13, 28, 25
 13, 28, 27
 13, 28, 32
 13, 28, 34
 13, 28, 35
 13, 28, 36
 13, 28, 40
 13, 28, 41
 13, 28, 42
 13, 28, 43
 13, 28, 44
 13, 28, 45
 13, 28, 46
 13, 28, 47
 13, 29, 14
 13, 29, 19
 13, 29, 24
 13, 29, 25
 13, 29, 27
 13, 29, 31
 13, 29, 35
 13, 29, 36
 13, 29, 37
 13, 29, 41
 13, 29, 46
 13, 29, 47
 13, 31, 14
 13, 31, 19
 13, 31, 22
 13, 31, 24
 13, 31, 25
 13, 31, 29
 13, 31, 35
 13, 31, 37
 13, 31, 46
 13, 31, 47
 13, 32, 22
 13, 32, 24
 13, 32, 28
 13, 32, 45
 13, 32, 46
 13, 32, 47
 13, 34, 19
 13, 34, 25
 13, 34, 28
 13, 34, 46
 13, 34, 47
 13, 35, 14
 13, 35, 19
 13, 35, 22
 13, 35, 24
 13, 35, 25
 13, 35, 27
 13, 35, 28
 13, 35, 29
 13, 35, 31
 13, 35, 36
 13, 35, 46
 13, 35, 47
 13, 36, 14
 13, 36, 19
 13, 36, 22
 13, 36, 24
 13, 36, 25
 13, 36, 27
 13, 36, 28
 13, 36, 29
 13, 36, 35
 13, 36, 46
 13, 36, 47
 13, 37, 14
 13, 37, 22
 13, 37, 24
 13, 37, 25
 13, 37, 27
 13, 37, 29
 13, 37, 31
 13, 37, 46
 13, 37, 47
 13, 39, 14
 13, 39, 40
 13, 39, 41
 13, 39, 42
 13, 39, 43
 13, 39, 44
 13, 39, 45
 13, 39, 46
 13, 39, 47
 13, 40, 14
 13, 40, 19
 13, 40, 24
 13, 40, 25
 13, 40, 27
 13, 40, 28
 13, 40, 39
 13, 40, 41
 13, 40, 42
 13, 40, 43
 13, 40, 44
 13, 40, 45
 13, 40, 46
 13, 40, 47
 13, 41, 14
 13, 41, 19
 13, 41, 24
 13, 41, 25
 13, 41, 27
 13, 41, 28
 13, 41, 29
 13, 41, 39
 13, 41, 40
 13, 41, 43
 13, 41, 45
 13, 41, 46
 13, 41, 47
 13, 42, 14
 13, 42, 19
 13, 42, 24
 13, 42, 25
 13, 42, 27
 13, 42, 28
 13, 42, 39
 13, 42, 40
 13, 43, 14
 13, 43, 19
 13, 43, 24
 13, 43, 25
 13, 43, 27
 13, 43, 28
 13, 43, 39
 13, 43, 40
 13, 43, 41
 13, 44, 14
 13, 44, 24
 13, 44, 25
 13, 44, 27
 13, 44, 28
 13, 44, 39
 13, 44, 40
 13, 45, 14
 13, 45, 19
 13, 45, 24
 13, 45, 25
 13, 45, 27
 13, 45, 28
 13, 45, 32
 13, 45, 39
 13, 45, 40
 13, 45, 41
 13, 46, 14
 13, 46, 19
 13, 46, 22
 13, 46, 24
 13, 46, 25
 13, 46, 27
 13, 46, 28
 13, 46, 29
 13, 46, 31
 13, 46, 32
 13, 46, 34
 13, 46, 35
 13, 46, 36
 13, 46, 37
 13, 46, 39
 13, 46, 40
 13, 46, 41
 13, 46, 47
 13, 47, 14
 13, 47, 19
 13, 47, 24
 13, 47, 25
 13, 47, 27
 13, 47, 28
 13, 47, 29
 13, 47, 31
 13, 47, 32
 13, 47, 34
 13, 47, 35
 13, 47, 36
 13, 47, 37
 13, 47, 39
 13, 47, 40
 13, 47, 41
 13, 47, 46
 14, 17, 21
 14, 17, 24
 14, 17, 31
 14, 17, 35
 14, 17, 36
 14, 17, 37
 14, 17, 41
 14, 17, 46
 14, 19, 21
 14, 19, 22
 14, 19, 23
 14, 19, 24
 14, 19, 25
 14, 19, 27
 14, 19, 28
 14, 19, 29
 14, 19, 31
 14, 19, 35
 14, 19, 36
 14, 19, 40
 14, 19, 41
 14, 19, 42
 14, 19, 43
 14, 19, 45
 14, 19, 46
 14, 19, 47
 14, 21, 17
 14, 21, 19
 14, 21, 24
 14, 21, 25
 14, 21, 28
 14, 21, 31
 14, 21, 33
 14, 21, 35
 14, 21, 36
 14, 21, 37
 14, 21, 41
 14, 21, 42
 14, 21, 45
 14, 21, 46
 14, 22, 19
 14, 22, 24
 14, 22, 25
 14, 22, 28
 14, 22, 31
 14, 22, 33
 14, 22, 35
 14, 22, 36
 14, 22, 37
 14, 22, 46
 14, 23, 19
 14, 23, 28
 14, 23, 40
 14, 23, 41
 14, 23, 42
 14, 23, 43
 14, 23, 44
 14, 23, 45
 14, 23, 46
 14, 24, 17
 14, 24, 19
 14, 24, 21
 14, 24, 22
 14, 24, 25
 14, 24, 27
 14, 24, 28
 14, 24, 29
 14, 24, 31
 14, 24, 33
 14, 24, 35
 14, 24, 36
 14, 24, 37
 14, 24, 40
 14, 24, 41
 14, 24, 42
 14, 24, 43
 14, 24, 44
 14, 24, 45
 14, 24, 46
 14, 24, 47
 14, 25, 19
 14, 25, 21
 14, 25, 22
 14, 25, 24
 14, 25, 27
 14, 25, 28
 14, 25, 29
 14, 25, 31
 14, 25, 35
 14, 25, 36
 14, 25, 37
 14, 25, 40
 14, 25, 41
 14, 25, 42
 14, 25, 43
 14, 25, 44
 14, 25, 45
 14, 25, 46
 14, 25, 47
 14, 27, 19
 14, 27, 24
 14, 27, 25
 14, 27, 28
 14, 27, 29
 14, 27, 33
 14, 27, 35
 14, 27, 36
 14, 27, 37
 14, 27, 40
 14, 27, 41
 14, 27, 42
 14, 27, 43
 14, 27, 44
 14, 27, 45
 14, 27, 46
 14, 27, 47
 14, 28, 19
 14, 28, 21
 14, 28, 22
 14, 28, 23
 14, 28, 24
 14, 28, 25
 14, 28, 27
 14, 28, 33
 14, 28, 35
 14, 28, 36
 14, 28, 40
 14, 28, 41
 14, 28, 42
 14, 28, 43
 14, 28, 44
 14, 28, 45
 14, 28, 46
 14, 28, 47
 14, 29, 19
 14, 29, 24
 14, 29, 25
 14, 29, 27
 14, 29, 31
 14, 29, 35
 14, 29, 36
 14, 29, 37
 14, 29, 41
 14, 29, 46
 14, 29, 47
 14, 31, 17
 14, 31, 19
 14, 31, 21
 14, 31, 22
 14, 31, 24
 14, 31, 25
 14, 31, 29
 14, 31, 35
 14, 31, 37
 14, 31, 46
 14, 31, 47
 14, 33, 21
 14, 33, 22
 14, 33, 24
 14, 33, 27
 14, 33, 28
 14, 33, 35
 14, 33, 46
 14, 33, 47
 14, 35, 17
 14, 35, 19
 14, 35, 21
 14, 35, 22
 14, 35, 24
 14, 35, 25
 14, 35, 27
 14, 35, 28
 14, 35, 29
 14, 35, 31
 14, 35, 33
 14, 35, 36
 14, 35, 46
 14, 35, 47
 14, 36, 17
 14, 36, 19
 14, 36, 21
 14, 36, 22
 14, 36, 24
 14, 36, 25
 14, 36, 27
 14, 36, 28
 14, 36, 29
 14, 36, 35
 14, 36, 46
 14, 36, 47
 14, 37, 17
 14, 37, 21
 14, 37, 22
 14, 37, 24
 14, 37, 25
 14, 37, 27
 14, 37, 29
 14, 37, 31
 14, 37, 46
 14, 37, 47
 14, 39, 40
 14, 39, 41
 14, 39, 42
 14, 39, 43
 14, 39, 44
 14, 39, 45
 14, 39, 46
 14, 39, 47
 14, 40, 19
 14, 40, 23
 14, 40, 24
 14, 40, 25
 14, 40, 27
 14, 40, 28
 14, 40, 39
 14, 40, 41
 14, 40, 42
 14, 40, 43
 14, 40, 44
 14, 40, 45
 14, 40, 46
 14, 40, 47
 14, 41, 17
 14, 41, 19
 14, 41, 21
 14, 41, 23
 14, 41, 24
 14, 41, 25
 14, 41, 27
 14, 41, 28
 14, 41, 29
 14, 41, 39
 14, 41, 40
 14, 41, 43
 14, 41, 45
 14, 41, 46
 14, 41, 47
 14, 42, 19
 14, 42, 21
 14, 42, 23
 14, 42, 24
 14, 42, 25
 14, 42, 27
 14, 42, 28
 14, 42, 39
 14, 42, 40
 14, 43, 19
 14, 43, 23
 14, 43, 24
 14, 43, 25
 14, 43, 27
 14, 43, 28
 14, 43, 39
 14, 43, 40
 14, 43, 41
 14, 44, 23
 14, 44, 24
 14, 44, 25
 14, 44, 27
 14, 44, 28
 14, 44, 39
 14, 44, 40
 14, 45, 19
 14, 45, 21
 14, 45, 23
 14, 45, 24
 14, 45, 25
 14, 45, 27
 14, 45, 28
 14, 45, 39
 14, 45, 40
 14, 45, 41
 14, 46, 17
 14, 46, 19
 14, 46, 21
 14, 46, 22
 14, 46, 23
 14, 46, 24
 14, 46, 25
 14, 46, 27
 14, 46, 28
 14, 46, 29
 14, 46, 31
 14, 46, 33
 14, 46, 35
 14, 46, 36
 14, 46, 37
 14, 46, 39
 14, 46, 40
 14, 46, 41
 14, 46, 47
 14, 47, 19
 14, 47, 24
 14, 47, 25
 14, 47, 27
 14, 47, 28
 14, 47, 29
 14, 47, 31
 14, 47, 33
 14, 47, 35
 14, 47, 36
 14, 47, 37
 14, 47, 39
 14, 47, 40
 14, 47, 41
 14, 47, 46
 15, 17, 31
 15, 17, 32
 15, 17, 35
 15, 17, 36
 15, 17, 37
 15, 17, 41
 15, 17, 46
 15, 18, 22
 15, 18, 25
 15, 18, 28
 15, 18, 32
 15, 18, 35
 15, 18, 36
 15, 18, 37
 15, 18, 41
 15, 18, 43
 15, 18, 45
 15, 18, 46
 15, 19, 22
 15, 19, 25
 15, 19, 28
 15, 19, 29
 15, 19, 31
 15, 19, 34
 15, 19, 35
 15, 19, 36
 15, 19, 41
 15, 19, 43
 15, 19, 45
 15, 19, 46
 15, 19, 47
 15, 22, 18
 15, 22, 19
 15, 22, 25
 15, 22, 28
 15, 22, 31
 15, 22, 32
 15, 22, 35
 15, 22, 36
 15, 22, 37
 15, 22, 46
 15, 25, 18
 15, 25, 19
 15, 25, 22
 15, 25, 28
 15, 25, 29
 15, 25, 31
 15, 25, 34
 15, 25, 35
 15, 25, 36
 15, 25, 37
 15, 25, 41
 15, 25, 43
 15, 25, 45
 15, 25, 46
 15, 25, 47
 15, 28, 18
 15, 28, 19
 15, 28, 22
 15, 28, 25
 15, 28, 32
 15, 28, 34
 15, 28, 35
 15, 28, 36
 15, 28, 41
 15, 28, 43
 15, 28, 45
 15, 28, 46
 15, 28, 47
 15, 29, 19
 15, 29, 25
 15, 29, 31
 15, 29, 35
 15, 29, 36
 15, 29, 37
 15, 29, 41
 15, 29, 46
 15, 29, 47
 15, 31, 17
 15, 31, 19
 15, 31, 22
 15, 31, 25
 15, 31, 29
 15, 31, 35
 15, 31, 37
 15, 31, 46
 15, 31, 47
 15, 32, 17
 15, 32, 18
 15, 32, 22
 15, 32, 28
 15, 32, 45
 15, 32, 46
 15, 32, 47
 15, 34, 19
 15, 34, 25
 15, 34, 28
 15, 34, 46
 15, 34, 47
 15, 35, 17
 15, 35, 18
 15, 35, 19
 15, 35, 22
 15, 35, 25
 15, 35, 28
 15, 35, 29
 15, 35, 31
 15, 35, 36
 15, 35, 46
 15, 35, 47
 15, 36, 17
 15, 36, 18
 15, 36, 19
 15, 36, 22
 15, 36, 25
 15, 36, 28
 15, 36, 29
 15, 36, 35
 15, 36, 46
 15, 36, 47
 15, 37, 17
 15, 37, 18
 15, 37, 22
 15, 37, 25
 15, 37, 29
 15, 37, 31
 15, 37, 46
 15, 37, 47
 15, 41, 17
 15, 41, 18
 15, 41, 19
 15, 41, 25
 15, 41, 28
 15, 41, 29
 15, 41, 43
 15, 41, 45
 15, 41, 46
 15, 41, 47
 15, 43, 18
 15, 43, 19
 15, 43, 25
 15, 43, 28
 15, 43, 41
 15, 45, 18
 15, 45, 19
 15, 45, 25
 15, 45, 28
 15, 45, 32
 15, 45, 41
 15, 46, 17
 15, 46, 18
 15, 46, 19
 15, 46, 22
 15, 46, 25
 15, 46, 28
 15, 46, 29
 15, 46, 31
 15, 46, 32
 15, 46, 34
 15, 46, 35
 15, 46, 36
 15, 46, 37
 15, 46, 41
 15, 46, 47
 15, 47, 19
 15, 47, 25
 15, 47, 28
 15, 47, 29
 15, 47, 31
 15, 47, 32
 15, 47, 34
 15, 47, 35
 15, 47, 36
 15, 47, 37
 15, 47, 41
 15, 47, 46
 16, 28, 40
 16, 28, 42
 16, 28, 43
 16, 28, 44
 16, 28, 45
 16, 40, 28
 16, 40, 42
 16, 40, 43
 16, 40, 44
 16, 40, 45
 16, 42, 28
 16, 42, 40
 16, 43, 28
 16, 43, 40
 16, 44, 28
 16, 44, 40
 16, 45, 28
 16, 45, 40
 17, 21, 24
 17, 21, 31
 17, 21, 35
 17, 21, 36
 17, 21, 37
 17, 21, 41
 17, 21, 46
 17, 24, 21
 17, 24, 31
 17, 24, 32
 17, 24, 35
 17, 24, 36
 17, 24, 37
 17, 24, 41
 17, 24, 46
 17, 31, 21
 17, 31, 24
 17, 31, 35
 17, 31, 37
 17, 31, 46
 17, 32, 24
 17, 32, 46
 17, 35, 21
 17, 35, 24
 17, 35, 31
 17, 35, 36
 17, 35, 46
 17, 36, 21
 17, 36, 24
 17, 36, 35
 17, 36, 46
 17, 37, 21
 17, 37, 24
 17, 37, 31
 17, 37, 46
 17, 41, 21
 17, 41, 24
 17, 41, 46
 17, 46, 21
 17, 46, 24
 17, 46, 31
 17, 46, 32
 17, 46, 35
 17, 46, 36
 17, 46, 37
 17, 46, 41
 18, 22, 25
 18, 22, 28
 18, 22, 32
 18, 22, 33
 18, 22, 35
 18, 22, 36
 18, 22, 37
 18, 22, 46
 18, 25, 22
 18, 25, 28
 18, 25, 35
 18, 25, 36
 18, 25, 37
 18, 25, 40
 18, 25, 41
 18, 25, 42
 18, 25, 43
 18, 25, 44
 18, 25, 45
 18, 25, 46
 18, 28, 22
 18, 28, 25
 18, 28, 32
 18, 28, 33
 18, 28, 35
 18, 28, 36
 18, 28, 40
 18, 28, 41
 18, 28, 42
 18, 28, 43
 18, 28, 44
 18, 28, 45
 18, 28, 46
 18, 32, 22
 18, 32, 28
 18, 32, 45
 18, 32, 46
 18, 33, 22
 18, 33, 28
 18, 33, 35
 18, 33, 46
 18, 35, 22
 18, 35, 25
 18, 35, 28
 18, 35, 33
 18, 35, 36
 18, 35, 46
 18, 36, 22
 18, 36, 25
 18, 36, 28
 18, 36, 35
 18, 36, 46
 18, 37, 22
 18, 37, 25
 18, 37, 46
 18, 40, 25
 18, 40, 28
 18, 40, 41
 18, 40, 42
 18, 40, 43
 18, 40, 44
 18, 40, 45
 18, 40, 46
 18, 41, 25
 18, 41, 28
 18, 41, 40
 18, 41, 43
 18, 41, 45
 18, 41, 46
 18, 42, 25
 18, 42, 28
 18, 42, 40
 18, 43, 25
 18, 43, 28
 18, 43, 40
 18, 43, 41
 18, 44, 25
 18, 44, 28
 18, 44, 40
 18, 45, 25
 18, 45, 28
 18, 45, 32
 18, 45, 40
 18, 45, 41
 18, 46, 22
 18, 46, 25
 18, 46, 28
 18, 46, 32
 18, 46, 33
 18, 46, 35
 18, 46, 36
 18, 46, 37
 18, 46, 40
 18, 46, 41
 19, 21, 24
 19, 21, 25
 19, 21, 28
 19, 21, 31
 19, 21, 35
 19, 21, 36
 19, 21, 41
 19, 21, 42
 19, 21, 45
 19, 21, 46
 19, 22, 24
 19, 22, 25
 19, 22, 28
 19, 22, 31
 19, 22, 35
 19, 22, 36
 19, 22, 46
 19, 23, 28
 19, 23, 40
 19, 23, 41
 19, 23, 42
 19, 23, 43
 19, 23, 45
 19, 23, 46
 19, 24, 21
 19, 24, 22
 19, 24, 25
 19, 24, 27
 19, 24, 28
 19, 24, 29
 19, 24, 31
 19, 24, 35
 19, 24, 36
 19, 24, 40
 19, 24, 41
 19, 24, 42
 19, 24, 43
 19, 24, 45
 19, 24, 46
 19, 24, 47
 19, 25, 21
 19, 25, 22
 19, 25, 24
 19, 25, 27
 19, 25, 28
 19, 25, 29
 19, 25, 31
 19, 25, 34
 19, 25, 35
 19, 25, 36
 19, 25, 40
 19, 25, 41
 19, 25, 42
 19, 25, 43
 19, 25, 45
 19, 25, 46
 19, 25, 47
 19, 27, 24
 19, 27, 25
 19, 27, 28
 19, 27, 29
 19, 27, 30
 19, 27, 35
 19, 27, 36
 19, 27, 40
 19, 27, 41
 19, 27, 42
 19, 27, 43
 19, 27, 45
 19, 27, 46
 19, 27, 47
 19, 28, 21
 19, 28, 22
 19, 28, 23
 19, 28, 24
 19, 28, 25
 19, 28, 27
 19, 28, 34
 19, 28, 35
 19, 28, 36
 19, 28, 40
 19, 28, 41
 19, 28, 42
 19, 28, 43
 19, 28, 45
 19, 28, 46
 19, 28, 47
 19, 29, 24
 19, 29, 25
 19, 29, 27
 19, 29, 31
 19, 29, 35
 19, 29, 36
 19, 29, 41
 19, 29, 46
 19, 29, 47
 19, 30, 27
 19, 30, 35
 19, 30, 36
 19, 30, 42
 19, 30, 43
 19, 30, 45
 19, 30, 46
 19, 31, 21
 19, 31, 22
 19, 31, 24
 19, 31, 25
 19, 31, 29
 19, 31, 35
 19, 31, 46
 19, 31, 47
 19, 34, 25
 19, 34, 28
 19, 34, 46
 19, 34, 47
 19, 35, 21
 19, 35, 22
 19, 35, 24
 19, 35, 25
 19, 35, 27
 19, 35, 28
 19, 35, 29
 19, 35, 30
 19, 35, 31
 19, 35, 36
 19, 35, 46
 19, 35, 47
 19, 36, 21
 19, 36, 22
 19, 36, 24
 19, 36, 25
 19, 36, 27
 19, 36, 28
 19, 36, 29
 19, 36, 30
 19, 36, 35
 19, 36, 46
 19, 36, 47
 19, 40, 23
 19, 40, 24
 19, 40, 25
 19, 40, 27
 19, 40, 28
 19, 40, 41
 19, 40, 42
 19, 40, 43
 19, 40, 45
 19, 40, 46
 19, 40, 47
 19, 41, 21
 19, 41, 23
 19, 41, 24
 19, 41, 25
 19, 41, 27
 19, 41, 28
 19, 41, 29
 19, 41, 40
 19, 41, 43
 19, 41, 45
 19, 41, 46
 19, 41, 47
 19, 42, 21
 19, 42, 23
 19, 42, 24
 19, 42, 25
 19, 42, 27
 19, 42, 28
 19, 42, 30
 19, 42, 40
 19, 43, 23
 19, 43, 24
 19, 43, 25
 19, 43, 27
 19, 43, 28
 19, 43, 30
 19, 43, 40
 19, 43, 41
 19, 45, 21
 19, 45, 23
 19, 45, 24
 19, 45, 25
 19, 45, 27
 19, 45, 28
 19, 45, 30
 19, 45, 40
 19, 45, 41
 19, 46, 21
 19, 46, 22
 19, 46, 23
 19, 46, 24
 19, 46, 25
 19, 46, 27
 19, 46, 28
 19, 46, 29
 19, 46, 30
 19, 46, 31
 19, 46, 34
 19, 46, 35
 19, 46, 36
 19, 46, 40
 19, 46, 41
 19, 46, 47
 19, 47, 24
 19, 47, 25
 19, 47, 27
 19, 47, 28
 19, 47, 29
 19, 47, 31
 19, 47, 34
 19, 47, 35
 19, 47, 36
 19, 47, 40
 19, 47, 41
 19, 47, 46
 20, 32, 45
 20, 32, 46
 20, 33, 35
 20, 33, 46
 20, 35, 33
 20, 35, 36
 20, 35, 46
 20, 36, 35
 20, 36, 46
 20, 45, 32
 20, 46, 32
 20, 46, 33
 20, 46, 35
 20, 46, 36
 21, 24, 25
 21, 24, 28
 21, 24, 31
 21, 24, 33
 21, 24, 35
 21, 24, 36
 21, 24, 37
 21, 24, 41
 21, 24, 42
 21, 24, 45
 21, 24, 46
 21, 25, 24
 21, 25, 28
 21, 25, 31
 21, 25, 35
 21, 25, 36
 21, 25, 37
 21, 25, 41
 21, 25, 42
 21, 25, 45
 21, 25, 46
 21, 28, 24
 21, 28, 25
 21, 28, 33
 21, 28, 35
 21, 28, 36
 21, 28, 41
 21, 28, 42
 21, 28, 45
 21, 28, 46
 21, 31, 24
 21, 31, 25
 21, 31, 35
 21, 31, 37
 21, 31, 46
 21, 33, 24
 21, 33, 28
 21, 33, 35
 21, 33, 46
 21, 35, 24
 21, 35, 25
 21, 35, 28
 21, 35, 31
 21, 35, 33
 21, 35, 36
 21, 35, 46
 21, 36, 24
 21, 36, 25
 21, 36, 28
 21, 36, 35
 21, 36, 46
 21, 37, 24
 21, 37, 25
 21, 37, 31
 21, 37, 46
 21, 41, 24
 21, 41, 25
 21, 41, 28
 21, 41, 45
 21, 41, 46
 21, 42, 24
 21, 42, 25
 21, 42, 28
 21, 45, 24
 21, 45, 25
 21, 45, 28
 21, 45, 41
 21, 46, 24
 21, 46, 25
 21, 46, 28
 21, 46, 31
 21, 46, 33
 21, 46, 35
 21, 46, 36
 21, 46, 37
 21, 46, 41
 22, 24, 25
 22, 24, 28
 22, 24, 31
 22, 24, 32
 22, 24, 33
 22, 24, 35
 22, 24, 36
 22, 24, 37
 22, 24, 46
 22, 25, 24
 22, 25, 28
 22, 25, 31
 22, 25, 35
 22, 25, 36
 22, 25, 37
 22, 25, 46
 22, 28, 24
 22, 28, 25
 22, 28, 32
 22, 28, 33
 22, 28, 35
 22, 28, 36
 22, 28, 46
 22, 31, 24
 22, 31, 25
 22, 31, 35
 22, 31, 37
 22, 31, 46
 22, 32, 24
 22, 32, 28
 22, 32, 46
 22, 33, 24
 22, 33, 28
 22, 33, 35
 22, 33, 46
 22, 35, 24
 22, 35, 25
 22, 35, 28
 22, 35, 31
 22, 35, 33
 22, 35, 36
 22, 35, 46
 22, 36, 24
 22, 36, 25
 22, 36, 28
 22, 36, 35
 22, 36, 46
 22, 37, 24
 22, 37, 25
 22, 37, 31
 22, 37, 46
 22, 46, 24
 22, 46, 25
 22, 46, 28
 22, 46, 31
 22, 46, 32
 22, 46, 33
 22, 46, 35
 22, 46, 36
 22, 46, 37
 23, 28, 40
 23, 28, 41
 23, 28, 42
 23, 28, 43
 23, 28, 44
 23, 28, 45
 23, 28, 46
 23, 40, 28
 23, 40, 41
 23, 40, 42
 23, 40, 43
 23, 40, 44
 23, 40, 45
 23, 40, 46
 23, 41, 28
 23, 41, 40
 23, 41, 43
 23, 41, 45
 23, 41, 46
 23, 42, 28
 23, 42, 40
 23, 43, 28
 23, 43, 40
 23, 43, 41
 23, 44, 28
 23, 44, 40
 23, 45, 28
 23, 45, 40
 23, 45, 41
 23, 46, 28
 23, 46, 40
 23, 46, 41
 24, 25, 27
 24, 25, 28
 24, 25, 29
 24, 25, 31
 24, 25, 35
 24, 25, 36
 24, 25, 37
 24, 25, 40
 24, 25, 41
 24, 25, 42
 24, 25, 43
 24, 25, 44
 24, 25, 45
 24, 25, 46
 24, 25, 47
 24, 27, 25
 24, 27, 28
 24, 27, 29
 24, 27, 33
 24, 27, 35
 24, 27, 36
 24, 27, 37
 24, 27, 40
 24, 27, 41
 24, 27, 42
 24, 27, 43
 24, 27, 44
 24, 27, 45
 24, 27, 46
 24, 27, 47
 24, 28, 25
 24, 28, 27
 24, 28, 32
 24, 28, 33
 24, 28, 35
 24, 28, 36
 24, 28, 40
 24, 28, 41
 24, 28, 42
 24, 28, 43
 24, 28, 44
 24, 28, 45
 24, 28, 46
 24, 28, 47
 24, 29, 25
 24, 29, 27
 24, 29, 31
 24, 29, 35
 24, 29, 36
 24, 29, 37
 24, 29, 41
 24, 29, 46
 24, 29, 47
 24, 31, 25
 24, 31, 29
 24, 31, 35
 24, 31, 37
 24, 31, 46
 24, 31, 47
 24, 32, 28
 24, 32, 45
 24, 32, 46
 24, 32, 47
 24, 33, 27
 24, 33, 28
 24, 33, 35
 24, 33, 46
 24, 33, 47
 24, 35, 25
 24, 35, 27
 24, 35, 28
 24, 35, 29
 24, 35, 31
 24, 35, 33
 24, 35, 36
 24, 35, 46
 24, 35, 47
 24, 36, 25
 24, 36, 27
 24, 36, 28
 24, 36, 29
 24, 36, 35
 24, 36, 46
 24, 36, 47
 24, 37, 25
 24, 37, 27
 24, 37, 29
 24, 37, 31
 24, 37, 46
 24, 37, 47
 24, 40, 25
 24, 40, 27
 24, 40, 28
 24, 40, 41
 24, 40, 42
 24, 40, 43
 24, 40, 44
 24, 40, 45
 24, 40, 46
 24, 40, 47
 24, 41, 25
 24, 41, 27
 24, 41, 28
 24, 41, 29
 24, 41, 40
 24, 41, 43
 24, 41, 45
 24, 41, 46
 24, 41, 47
 24, 42, 25
 24, 42, 27
 24, 42, 28
 24, 42, 40
 24, 43, 25
 24, 43, 27
 24, 43, 28
 24, 43, 40
 24, 43, 41
 24, 44, 25
 24, 44, 27
 24, 44, 28
 24, 44, 40
 24, 45, 25
 24, 45, 27
 24, 45, 28
 24, 45, 32
 24, 45, 40
 24, 45, 41
 24, 46, 25
 24, 46, 27
 24, 46, 28
 24, 46, 29
 24, 46, 31
 24, 46, 32
 24, 46, 33
 24, 46, 35
 24, 46, 36
 24, 46, 37
 24, 46, 40
 24, 46, 41
 24, 46, 47
 24, 47, 25
 24, 47, 27
 24, 47, 28
 24, 47, 29
 24, 47, 31
 24, 47, 32
 24, 47, 33
 24, 47, 35
 24, 47, 36
 24, 47, 37
 24, 47, 40
 24, 47, 41
 24, 47, 46
 25, 27, 28
 25, 27, 29
 25, 27, 35
 25, 27, 36
 25, 27, 37
 25, 27, 40
 25, 27, 41
 25, 27, 42
 25, 27, 43
 25, 27, 44
 25, 27, 45
 25, 27, 46
 25, 27, 47
 25, 28, 27
 25, 28, 34
 25, 28, 35
 25, 28, 36
 25, 28, 40
 25, 28, 41
 25, 28, 42
 25, 28, 43
 25, 28, 44
 25, 28, 45
 25, 28, 46
 25, 28, 47
 25, 29, 27
 25, 29, 31
 25, 29, 35
 25, 29, 36
 25, 29, 37
 25, 29, 41
 25, 29, 46
 25, 29, 47
 25, 31, 29
 25, 31, 35
 25, 31, 37
 25, 31, 46
 25, 31, 47
 25, 34, 28
 25, 34, 46
 25, 34, 47
 25, 35, 27
 25, 35, 28
 25, 35, 29
 25, 35, 31
 25, 35, 36
 25, 35, 46
 25, 35, 47
 25, 36, 27
 25, 36, 28
 25, 36, 29
 25, 36, 35
 25, 36, 46
 25, 36, 47
 25, 37, 27
 25, 37, 29
 25, 37, 31
 25, 37, 46
 25, 37, 47
 25, 40, 27
 25, 40, 28
 25, 40, 41
 25, 40, 42
 25, 40, 43
 25, 40, 44
 25, 40, 45
 25, 40, 46
 25, 40, 47
 25, 41, 27
 25, 41, 28
 25, 41, 29
 25, 41, 40
 25, 41, 43
 25, 41, 45
 25, 41, 46
 25, 41, 47
 25, 42, 27
 25, 42, 28
 25, 42, 40
 25, 43, 27
 25, 43, 28
 25, 43, 40
 25, 43, 41
 25, 44, 27
 25, 44, 28
 25, 44, 40
 25, 45, 27
 25, 45, 28
 25, 45, 40
 25, 45, 41
 25, 46, 27
 25, 46, 28
 25, 46, 29
 25, 46, 31
 25, 46, 34
 25, 46, 35
 25, 46, 36
 25, 46, 37
 25, 46, 40
 25, 46, 41
 25, 46, 47
 25, 47, 27
 25, 47, 28
 25, 47, 29
 25, 47, 31
 25, 47, 34
 25, 47, 35
 25, 47, 36
 25, 47, 37
 25, 47, 40
 25, 47, 41
 25, 47, 46
 26, 32, 45
 26, 32, 46
 26, 32, 47
 26, 33, 35
 26, 33, 46
 26, 33, 47
 26, 34, 46
 26, 34, 47
 26, 35, 33
 26, 35, 36
 26, 35, 46
 26, 35, 47
 26, 36, 35
 26, 36, 46
 26, 36, 47
 26, 37, 46
 26, 37, 47
 26, 41, 43
 26, 41, 45
 26, 41, 46
 26, 41, 47
 26, 43, 41
 26, 45, 32
 26, 45, 41
 26, 46, 32
 26, 46, 33
 26, 46, 34
 26, 46, 35
 26, 46, 36
 26, 46, 37
 26, 46, 41
 26, 46, 47
 26, 47, 32
 26, 47, 33
 26, 47, 34
 26, 47, 35
 26, 47, 36
 26, 47, 37
 26, 47, 41
 26, 47, 46
 27, 28, 33
 27, 28, 35
 27, 28, 36
 27, 28, 40
 27, 28, 41
 27, 28, 42
 27, 28, 43
 27, 28, 44
 27, 28, 45
 27, 28, 46
 27, 28, 47
 27, 29, 35
 27, 29, 36
 27, 29, 37
 27, 29, 41
 27, 29, 46
 27, 29, 47
 27, 30, 35
 27, 30, 36
 27, 30, 42
 27, 30, 43
 27, 30, 44
 27, 30, 45
 27, 30, 46
 27, 33, 28
 27, 33, 35
 27, 33, 46
 27, 33, 47
 27, 35, 28
 27, 35, 29
 27, 35, 30
 27, 35, 33
 27, 35, 36
 27, 35, 46
 27, 35, 47
 27, 36, 28
 27, 36, 29
 27, 36, 30
 27, 36, 35
 27, 36, 46
 27, 36, 47
 27, 37, 29
 27, 37, 46
 27, 37, 47
 27, 40, 28
 27, 40, 41
 27, 40, 42
 27, 40, 43
 27, 40, 44
 27, 40, 45
 27, 40, 46
 27, 40, 47
 27, 41, 28
 27, 41, 29
 27, 41, 40
 27, 41, 43
 27, 41, 45
 27, 41, 46
 27, 41, 47
 27, 42, 28
 27, 42, 30
 27, 42, 40
 27, 43, 28
 27, 43, 30
 27, 43, 40
 27, 43, 41
 27, 44, 28
 27, 44, 30
 27, 44, 40
 27, 45, 28
 27, 45, 30
 27, 45, 40
 27, 45, 41
 27, 46, 28
 27, 46, 29
 27, 46, 30
 27, 46, 33
 27, 46, 35
 27, 46, 36
 27, 46, 37
 27, 46, 40
 27, 46, 41
 27, 46, 47
 27, 47, 28
 27, 47, 29
 27, 47, 33
 27, 47, 35
 27, 47, 36
 27, 47, 37
 27, 47, 40
 27, 47, 41
 27, 47, 46
 28, 32, 45
 28, 32, 46
 28, 32, 47
 28, 33, 35
 28, 33, 46
 28, 33, 47
 28, 34, 46
 28, 34, 47
 28, 35, 33
 28, 35, 36
 28, 35, 46
 28, 35, 47
 28, 36, 35
 28, 36, 46
 28, 36, 47
 28, 40, 41
 28, 40, 42
 28, 40, 43
 28, 40, 44
 28, 40, 45
 28, 40, 46
 28, 40, 47
 28, 41, 40
 28, 41, 43
 28, 41, 45
 28, 41, 46
 28, 41, 47
 28, 42, 40
 28, 43, 40
 28, 43, 41
 28, 44, 40
 28, 45, 32
 28, 45, 40
 28, 45, 41
 28, 46, 32
 28, 46, 33
 28, 46, 34
 28, 46, 35
 28, 46, 36
 28, 46, 40
 28, 46, 41
 28, 46, 47
 28, 47, 32
 28, 47, 33
 28, 47, 34
 28, 47, 35
 28, 47, 36
 28, 47, 40
 28, 47, 41
 28, 47, 46
 29, 31, 35
 29, 31, 37
 29, 31, 46
 29, 31, 47
 29, 35, 31
 29, 35, 36
 29, 35, 46
 29, 35, 47
 29, 36, 35
 29, 36, 46
 29, 36, 47
 29, 37, 31
 29, 37, 46
 29, 37, 47
 29, 41, 46
 29, 41, 47
 29, 46, 31
 29, 46, 35
 29, 46, 36
 29, 46, 37
 29, 46, 41
 29, 46, 47
 29, 47, 31
 29, 47, 35
 29, 47, 36
 29, 47, 37
 29, 47, 41
 29, 47, 46
 30, 35, 36
 30, 35, 46
 30, 36, 35
 30, 36, 46
 30, 46, 35
 30, 46, 36
 31, 35, 46
 31, 35, 47
 31, 37, 46
 31, 37, 47
 31, 46, 35
 31, 46, 37
 31, 46, 47
 31, 47, 35
 31, 47, 37
 31, 47, 46
 32, 46, 47
 32, 47, 46
 33, 35, 46
 33, 35, 47
 33, 46, 35
 33, 46, 47
 33, 47, 35
 33, 47, 46
 34, 46, 47
 34, 47, 46
 35, 36, 46
 35, 36, 47
 35, 46, 36
 35, 46, 47
 35, 47, 36
 35, 47, 46
 36, 46, 47
 36, 47, 46
 37, 46, 47
 37, 47, 46
 38, 40, 41
 38, 40, 42
 38, 40, 43
 38, 40, 44
 38, 40, 45
 38, 40, 46
 38, 40, 47
 38, 41, 40
 38, 41, 43
 38, 41, 45
 38, 41, 46
 38, 41, 47
 38, 42, 40
 38, 43, 40
 38, 43, 41
 38, 44, 40
 38, 45, 40
 38, 45, 41
 38, 46, 40
 38, 46, 41
 38, 46, 47
 38, 47, 40
 38, 47, 41
 38, 47, 46
 39, 40, 41
 39, 40, 42
 39, 40, 43
 39, 40, 44
 39, 40, 45
 39, 40, 46
 39, 40, 47
 39, 41, 40
 39, 41, 43
 39, 41, 45
 39, 41, 46
 39, 41, 47
 39, 42, 40
 39, 43, 40
 39, 43, 41
 39, 44, 40
 39, 45, 40
 39, 45, 41
 39, 46, 40
 39, 46, 41
 39, 46, 47
 39, 47, 40
 39, 47, 41
 39, 47, 46
 40, 41, 43
 40, 41, 45
 40, 41, 46
 40, 41, 47
 40, 43, 41
 40, 45, 41
 40, 46, 41
 40, 46, 47
 40, 47, 41
 40, 47, 46
 41, 46, 47
 41, 46, 48
 41, 47, 46
 41, 47, 48
 41, 48, 46
 41, 48, 47
 46, 47, 48
 46, 48, 47
