0, 6, 10
 0, 6, 12
 0, 6, 13
 0, 6, 16
 0, 6, 17
 0, 10, 6
 0, 10, 12
 0, 10, 13
 0, 10, 16
 0, 10, 17
 0, 12, 6
 0, 12, 10
 0, 13, 6
 0, 13, 10
 0, 16, 6
 0, 16, 10
 0, 16, 17
 0, 17, 6
 0, 17, 10
 0, 17, 16
 1, 16, 17
 1, 17, 16
 2, 3, 11
 2, 3, 16
 2, 3, 18
 2, 3, 19
 2, 3, 20
 2, 4, 5
 2, 4, 6
 2, 4, 7
 2, 4, 8
 2, 4, 9
 2, 4, 10
 2, 4, 11
 2, 4, 12
 2, 4, 13
 2, 4, 16
 2, 4, 17
 2, 4, 18
 2, 4, 19
 2, 4, 20
 2, 5, 4
 2, 5, 7
 2, 5, 8
 2, 5, 9
 2, 5, 11
 2, 5, 12
 2, 5, 13
 2, 5, 17
 2, 5, 18
 2, 5, 20
 2, 6, 4
 2, 6, 8
 2, 6, 9
 2, 6, 10
 2, 6, 12
 2, 6, 13
 2, 6, 16
 2, 6, 17
 2, 6, 20
 2, 7, 4
 2, 7, 5
 2, 7, 8
 2, 7, 9
 2, 7, 12
 2, 7, 13
 2, 7, 17
 2, 8, 4
 2, 8, 5
 2, 8, 6
 2, 8, 7
 2, 8, 12
 2, 8, 13
 2, 8, 17
 2, 9, 4
 2, 9, 5
 2, 9, 6
 2, 9, 7
 2, 9, 12
 2, 9, 13
 2, 9, 17
 2, 10, 4
 2, 10, 6
 2, 10, 11
 2, 10, 12
 2, 10, 13
 2, 10, 16
 2, 10, 17
 2, 10, 18
 2, 10, 19
 2, 10, 20
 2, 11, 3
 2, 11, 4
 2, 11, 5
 2, 11, 10
 2, 11, 12
 2, 11, 16
 2, 11, 17
 2, 11, 18
 2, 11, 19
 2, 11, 20
 2, 12, 4
 2, 12, 5
 2, 12, 6
 2, 12, 7
 2, 12, 8
 2, 12, 9
 2, 12, 10
 2, 12, 11
 2, 12, 20
 2, 13, 4
 2, 13, 5
 2, 13, 6
 2, 13, 7
 2, 13, 8
 2, 13, 9
 2, 13, 10
 2, 13, 20
 2, 16, 3
 2, 16, 4
 2, 16, 6
 2, 16, 10
 2, 16, 11
 2, 16, 17
 2, 16, 18
 2, 16, 19
 2, 16, 20
 2, 17, 4
 2, 17, 5
 2, 17, 6
 2, 17, 7
 2, 17, 8
 2, 17, 9
 2, 17, 10
 2, 17, 11
 2, 17, 16
 2, 17, 20
 2, 18, 3
 2, 18, 4
 2, 18, 5
 2, 18, 10
 2, 18, 11
 2, 18, 16
 2, 18, 20
 2, 19, 3
 2, 19, 4
 2, 19, 10
 2, 19, 11
 2, 19, 16
 2, 19, 20
 2, 20, 3
 2, 20, 4
 2, 20, 5
 2, 20, 6
 2, 20, 10
 2, 20, 11
 2, 20, 12
 2, 20, 13
 2, 20, 16
 2, 20, 17
 2, 20, 18
 2, 20, 19
 3, 11, 16
 3, 11, 18
 3, 11, 19
 3, 11, 20
 3, 16, 11
 3, 16, 18
 3, 16, 19
 3, 16, 20
 3, 18, 11
 3, 18, 16
 3, 18, 20
 3, 19, 11
 3, 19, 16
 3, 19, 20
 3, 20, 11
 3, 20, 16
 3, 20, 18
 3, 20, 19
 4, 5, 7
 4, 5, 8
 4, 5, 9
 4, 5, 11
 4, 5, 12
 4, 5, 13
 4, 5, 17
 4, 5, 18
 4, 5, 20
 4, 5, 21
 4, 6, 8
 4, 6, 9
 4, 6, 10
 4, 6, 12
 4, 6, 13
 4, 6, 16
 4, 6, 17
 4, 6, 20
 4, 7, 5
 4, 7, 8
 4, 7, 9
 4, 7, 12
 4, 7, 13
 4, 7, 17
 4, 8, 5
 4, 8, 6
 4, 8, 7
 4, 8, 12
 4, 8, 13
 4, 8, 17
 4, 9, 5
 4, 9, 6
 4, 9, 7
 4, 9, 12
 4, 9, 13
 4, 9, 17
 4, 10, 6
 4, 10, 11
 4, 10, 12
 4, 10, 13
 4, 10, 16
 4, 10, 17
 4, 10, 18
 4, 10, 19
 4, 10, 20
 4, 10, 21
 4, 11, 5
 4, 11, 10
 4, 11, 12
 4, 11, 16
 4, 11, 17
 4, 11, 18
 4, 11, 19
 4, 11, 20
 4, 12, 5
 4, 12, 6
 4, 12, 7
 4, 12, 8
 4, 12, 9
 4, 12, 10
 4, 12, 11
 4, 12, 20
 4, 13, 5
 4, 13, 6
 4, 13, 7
 4, 13, 8
 4, 13, 9
 4, 13, 10
 4, 13, 20
 4, 16, 6
 4, 16, 10
 4, 16, 11
 4, 16, 17
 4, 16, 18
 4, 16, 19
 4, 16, 20
 4, 16, 21
 4, 17, 5
 4, 17, 6
 4, 17, 7
 4, 17, 8
 4, 17, 9
 4, 17, 10
 4, 17, 11
 4, 17, 16
 4, 17, 20
 4, 18, 5
 4, 18, 10
 4, 18, 11
 4, 18, 16
 4, 18, 20
 4, 18, 21
 4, 19, 10
 4, 19, 11
 4, 19, 16
 4, 19, 20
 4, 19, 21
 4, 20, 5
 4, 20, 6
 4, 20, 10
 4, 20, 11
 4, 20, 12
 4, 20, 13
 4, 20, 16
 4, 20, 17
 4, 20, 18
 4, 20, 19
 4, 20, 21
 4, 21, 5
 4, 21, 10
 4, 21, 16
 4, 21, 18
 4, 21, 19
 4, 21, 20
 5, 7, 8
 5, 7, 9
 5, 7, 12
 5, 7, 13
 5, 7, 17
 5, 8, 7
 5, 8, 12
 5, 8, 13
 5, 8, 17
 5, 9, 7
 5, 9, 12
 5, 9, 13
 5, 9, 17
 5, 11, 12
 5, 11, 17
 5, 11, 18
 5, 11, 20
 5, 12, 7
 5, 12, 8
 5, 12, 9
 5, 12, 11
 5, 12, 20
 5, 13, 7
 5, 13, 8
 5, 13, 9
 5, 13, 20
 5, 17, 7
 5, 17, 8
 5, 17, 9
 5, 17, 11
 5, 17, 20
 5, 18, 11
 5, 18, 20
 5, 18, 21
 5, 20, 11
 5, 20, 12
 5, 20, 13
 5, 20, 17
 5, 20, 18
 5, 20, 21
 5, 21, 18
 5, 21, 20
 6, 8, 12
 6, 8, 13
 6, 8, 17
 6, 8, 22
 6, 9, 12
 6, 9, 13
 6, 9, 17
 6, 10, 12
 6, 10, 13
 6, 10, 16
 6, 10, 17
 6, 10, 20
 6, 10, 22
 6, 12, 8
 6, 12, 9
 6, 12, 10
 6, 12, 20
 6, 13, 8
 6, 13, 9
 6, 13, 10
 6, 13, 20
 6, 13, 22
 6, 16, 10
 6, 16, 17
 6, 16, 20
 6, 17, 8
 6, 17, 9
 6, 17, 10
 6, 17, 16
 6, 17, 20
 6, 17, 22
 6, 20, 10
 6, 20, 12
 6, 20, 13
 6, 20, 16
 6, 20, 17
 6, 22, 8
 6, 22, 10
 6, 22, 13
 6, 22, 17
 7, 8, 12
 7, 8, 13
 7, 8, 17
 7, 9, 12
 7, 9, 13
 7, 9, 17
 7, 12, 8
 7, 12, 9
 7, 13, 8
 7, 13, 9
 7, 17, 8
 7, 17, 9
 8, 12, 23
 8, 13, 22
 8, 17, 22
 8, 17, 23
 8, 22, 13
 8, 22, 17
 8, 22, 23
 8, 23, 12
 8, 23, 17
 8, 23, 22
 9, 12, 23
 9, 13, 25
 9, 17, 23
 9, 23, 12
 9, 23, 17
 9, 23, 25
 9, 25, 13
 9, 25, 23
 10, 11, 12
 10, 11, 16
 10, 11, 17
 10, 11, 18
 10, 11, 19
 10, 11, 20
 10, 11, 23
 10, 12, 11
 10, 12, 20
 10, 12, 23
 10, 13, 20
 10, 13, 22
 10, 13, 25
 10, 16, 11
 10, 16, 17
 10, 16, 18
 10, 16, 19
 10, 16, 20
 10, 16, 21
 10, 16, 23
 10, 16, 25
 10, 17, 11
 10, 17, 16
 10, 17, 20
 10, 17, 22
 10, 17, 23
 10, 18, 11
 10, 18, 16
 10, 18, 20
 10, 18, 21
 10, 18, 23
 10, 19, 11
 10, 19, 16
 10, 19, 20
 10, 19, 21
 10, 20, 11
 10, 20, 12
 10, 20, 13
 10, 20, 16
 10, 20, 17
 10, 20, 18
 10, 20, 19
 10, 20, 21
 10, 20, 23
 10, 20, 25
 10, 20, 26
 10, 21, 16
 10, 21, 18
 10, 21, 19
 10, 21, 20
 10, 21, 23
 10, 21, 26
 10, 22, 13
 10, 22, 17
 10, 22, 23
 10, 22, 25
 10, 23, 11
 10, 23, 12
 10, 23, 16
 10, 23, 17
 10, 23, 18
 10, 23, 20
 10, 23, 21
 10, 23, 22
 10, 23, 25
 10, 25, 13
 10, 25, 16
 10, 25, 20
 10, 25, 22
 10, 25, 23
 10, 26, 20
 10, 26, 21
 11, 12, 20
 11, 12, 23
 11, 16, 17
 11, 16, 18
 11, 16, 19
 11, 16, 20
 11, 16, 23
 11, 17, 16
 11, 17, 20
 11, 17, 23
 11, 18, 16
 11, 18, 20
 11, 18, 23
 11, 19, 16
 11, 19, 20
 11, 20, 12
 11, 20, 16
 11, 20, 17
 11, 20, 18
 11, 20, 19
 11, 20, 23
 11, 23, 12
 11, 23, 16
 11, 23, 17
 11, 23, 18
 11, 23, 20
 12, 20, 23
 12, 20, 24
 12, 23, 20
 12, 23, 24
 12, 24, 20
 12, 24, 23
 13, 20, 25
 13, 22, 25
 13, 25, 20
 13, 25, 22
 16, 17, 20
 16, 17, 23
 16, 18, 20
 16, 18, 21
 16, 18, 23
 16, 19, 20
 16, 19, 21
 16, 20, 17
 16, 20, 18
 16, 20, 19
 16, 20, 21
 16, 20, 23
 16, 20, 25
 16, 21, 18
 16, 21, 19
 16, 21, 20
 16, 21, 23
 16, 23, 17
 16, 23, 18
 16, 23, 20
 16, 23, 21
 16, 23, 25
 16, 25, 20
 16, 25, 23
 17, 20, 23
 17, 22, 23
 17, 23, 20
 17, 23, 22
 18, 20, 21
 18, 20, 23
 18, 21, 20
 18, 21, 23
 18, 23, 20
 18, 23, 21
 19, 20, 21
 19, 21, 20
 20, 21, 23
 20, 21, 24
 20, 21, 26
 20, 23, 21
 20, 23, 24
 20, 23, 25
 20, 24, 21
 20, 24, 23
 20, 25, 23
 20, 26, 21
 21, 23, 24
 21, 24, 23
 22, 23, 24
 22, 23, 25
 22, 24, 23
 22, 25, 23
