0, 1, 3
 0, 1, 4
 0, 1, 6
 0, 1, 11
 0, 1, 12
 0, 1, 13
 0, 1, 14
 0, 1, 15
 0, 1, 16
 0, 1, 17
 0, 1, 18
 0, 1, 19
 0, 1, 20
 0, 1, 21
 0, 1, 23
 0, 1, 24
 0, 1, 26
 0, 1, 27
 0, 1, 28
 0, 1, 30
 0, 1, 31
 0, 2, 11
 0, 2, 16
 0, 2, 19
 0, 2, 23
 0, 2, 26
 0, 2, 28
 0, 2, 33
 0, 3, 1
 0, 3, 4
 0, 3, 6
 0, 3, 7
 0, 3, 10
 0, 3, 11
 0, 3, 12
 0, 3, 13
 0, 3, 15
 0, 3, 16
 0, 3, 17
 0, 3, 18
 0, 3, 20
 0, 3, 21
 0, 3, 23
 0, 3, 24
 0, 3, 27
 0, 3, 28
 0, 3, 29
 0, 3, 30
 0, 3, 31
 0, 3, 32
 0, 4, 1
 0, 4, 3
 0, 4, 7
 0, 4, 10
 0, 4, 11
 0, 4, 12
 0, 4, 13
 0, 4, 14
 0, 4, 15
 0, 4, 16
 0, 4, 17
 0, 4, 18
 0, 4, 19
 0, 4, 20
 0, 4, 21
 0, 4, 23
 0, 4, 24
 0, 4, 26
 0, 4, 27
 0, 4, 28
 0, 4, 30
 0, 4, 31
 0, 4, 32
 0, 6, 1
 0, 6, 3
 0, 6, 7
 0, 6, 10
 0, 6, 11
 0, 6, 12
 0, 6, 13
 0, 6, 14
 0, 6, 15
 0, 6, 16
 0, 6, 17
 0, 6, 18
 0, 6, 19
 0, 6, 20
 0, 6, 21
 0, 6, 23
 0, 6, 24
 0, 6, 26
 0, 6, 27
 0, 6, 28
 0, 6, 29
 0, 6, 30
 0, 6, 31
 0, 6, 32
 0, 6, 33
 0, 7, 3
 0, 7, 4
 0, 7, 6
 0, 7, 11
 0, 7, 13
 0, 7, 18
 0, 7, 20
 0, 7, 21
 0, 7, 23
 0, 7, 26
 0, 7, 27
 0, 7, 28
 0, 7, 29
 0, 7, 30
 0, 7, 31
 0, 7, 32
 0, 7, 33
 0, 10, 3
 0, 10, 4
 0, 10, 6
 0, 10, 11
 0, 10, 13
 0, 10, 20
 0, 10, 21
 0, 10, 23
 0, 10, 24
 0, 10, 28
 0, 10, 30
 0, 10, 31
 0, 11, 1
 0, 11, 2
 0, 11, 3
 0, 11, 4
 0, 11, 6
 0, 11, 7
 0, 11, 10
 0, 11, 13
 0, 11, 16
 0, 11, 18
 0, 11, 20
 0, 11, 21
 0, 11, 23
 0, 11, 24
 0, 11, 26
 0, 11, 27
 0, 11, 28
 0, 11, 30
 0, 11, 33
 0, 12, 1
 0, 12, 3
 0, 12, 4
 0, 12, 6
 0, 12, 13
 0, 12, 16
 0, 12, 17
 0, 12, 18
 0, 12, 19
 0, 12, 20
 0, 12, 23
 0, 12, 24
 0, 12, 26
 0, 12, 27
 0, 12, 28
 0, 12, 29
 0, 12, 30
 0, 12, 31
 0, 12, 32
 0, 12, 33
 0, 13, 1
 0, 13, 3
 0, 13, 4
 0, 13, 6
 0, 13, 7
 0, 13, 10
 0, 13, 11
 0, 13, 12
 0, 13, 14
 0, 13, 15
 0, 13, 19
 0, 13, 20
 0, 13, 21
 0, 13, 23
 0, 13, 28
 0, 13, 29
 0, 13, 30
 0, 13, 31
 0, 13, 32
 0, 13, 33
 0, 14, 1
 0, 14, 4
 0, 14, 6
 0, 14, 13
 0, 14, 15
 0, 14, 16
 0, 14, 19
 0, 14, 20
 0, 14, 23
 0, 14, 24
 0, 14, 26
 0, 14, 27
 0, 14, 28
 0, 14, 31
 0, 14, 32
 0, 15, 1
 0, 15, 3
 0, 15, 4
 0, 15, 6
 0, 15, 13
 0, 15, 14
 0, 15, 16
 0, 15, 17
 0, 15, 18
 0, 15, 19
 0, 15, 20
 0, 15, 21
 0, 15, 23
 0, 15, 24
 0, 15, 27
 0, 15, 28
 0, 15, 30
 0, 15, 31
 0, 15, 33
 0, 16, 1
 0, 16, 2
 0, 16, 3
 0, 16, 4
 0, 16, 6
 0, 16, 11
 0, 16, 12
 0, 16, 14
 0, 16, 15
 0, 16, 17
 0, 16, 18
 0, 16, 23
 0, 16, 24
 0, 16, 28
 0, 16, 31
 0, 16, 32
 0, 16, 33
 0, 17, 1
 0, 17, 3
 0, 17, 4
 0, 17, 6
 0, 17, 12
 0, 17, 15
 0, 17, 16
 0, 17, 20
 0, 17, 23
 0, 17, 24
 0, 17, 26
 0, 17, 27
 0, 17, 28
 0, 17, 29
 0, 17, 31
 0, 17, 32
 0, 17, 33
 0, 18, 1
 0, 18, 3
 0, 18, 4
 0, 18, 6
 0, 18, 7
 0, 18, 11
 0, 18, 12
 0, 18, 15
 0, 18, 16
 0, 18, 20
 0, 18, 21
 0, 18, 26
 0, 18, 28
 0, 18, 29
 0, 18, 30
 0, 18, 31
 0, 18, 32
 0, 18, 33
 0, 19, 1
 0, 19, 2
 0, 19, 4
 0, 19, 6
 0, 19, 12
 0, 19, 13
 0, 19, 14
 0, 19, 15
 0, 19, 20
 0, 19, 23
 0, 19, 28
 0, 19, 30
 0, 19, 31
 0, 19, 32
 0, 19, 33
 0, 20, 1
 0, 20, 3
 0, 20, 4
 0, 20, 6
 0, 20, 7
 0, 20, 10
 0, 20, 11
 0, 20, 12
 0, 20, 13
 0, 20, 14
 0, 20, 15
 0, 20, 17
 0, 20, 18
 0, 20, 19
 0, 20, 21
 0, 20, 23
 0, 20, 26
 0, 20, 28
 0, 20, 29
 0, 20, 30
 0, 20, 31
 0, 20, 32
 0, 20, 33
 0, 21, 1
 0, 21, 3
 0, 21, 4
 0, 21, 6
 0, 21, 7
 0, 21, 10
 0, 21, 11
 0, 21, 13
 0, 21, 15
 0, 21, 18
 0, 21, 20
 0, 21, 23
 0, 21, 24
 0, 21, 26
 0, 21, 27
 0, 21, 28
 0, 21, 29
 0, 21, 30
 0, 21, 31
 0, 21, 32
 0, 21, 33
 0, 23, 1
 0, 23, 2
 0, 23, 3
 0, 23, 4
 0, 23, 6
 0, 23, 7
 0, 23, 10
 0, 23, 11
 0, 23, 12
 0, 23, 13
 0, 23, 14
 0, 23, 15
 0, 23, 16
 0, 23, 17
 0, 23, 19
 0, 23, 20
 0, 23, 21
 0, 23, 24
 0, 23, 26
 0, 23, 27
 0, 23, 28
 0, 23, 30
 0, 23, 31
 0, 23, 32
 0, 23, 33
 0, 24, 1
 0, 24, 3
 0, 24, 4
 0, 24, 6
 0, 24, 10
 0, 24, 11
 0, 24, 12
 0, 24, 14
 0, 24, 15
 0, 24, 16
 0, 24, 17
 0, 24, 21
 0, 24, 23
 0, 24, 26
 0, 24, 27
 0, 24, 31
 0, 24, 32
 0, 24, 33
 0, 26, 1
 0, 26, 2
 0, 26, 4
 0, 26, 6
 0, 26, 7
 0, 26, 11
 0, 26, 12
 0, 26, 14
 0, 26, 17
 0, 26, 18
 0, 26, 20
 0, 26, 21
 0, 26, 23
 0, 26, 24
 0, 26, 33
 0, 27, 1
 0, 27, 3
 0, 27, 4
 0, 27, 6
 0, 27, 7
 0, 27, 11
 0, 27, 12
 0, 27, 14
 0, 27, 15
 0, 27, 17
 0, 27, 21
 0, 27, 23
 0, 27, 24
 0, 28, 1
 0, 28, 2
 0, 28, 3
 0, 28, 4
 0, 28, 6
 0, 28, 7
 0, 28, 10
 0, 28, 11
 0, 28, 12
 0, 28, 13
 0, 28, 14
 0, 28, 15
 0, 28, 16
 0, 28, 17
 0, 28, 18
 0, 28, 19
 0, 28, 20
 0, 28, 21
 0, 28, 23
 0, 28, 29
 0, 28, 31
 0, 28, 32
 0, 28, 33
 0, 29, 3
 0, 29, 6
 0, 29, 7
 0, 29, 12
 0, 29, 13
 0, 29, 17
 0, 29, 18
 0, 29, 20
 0, 29, 21
 0, 29, 28
 0, 29, 30
 0, 29, 31
 0, 29, 32
 0, 29, 33
 0, 30, 1
 0, 30, 3
 0, 30, 4
 0, 30, 6
 0, 30, 7
 0, 30, 10
 0, 30, 11
 0, 30, 12
 0, 30, 13
 0, 30, 15
 0, 30, 18
 0, 30, 19
 0, 30, 20
 0, 30, 21
 0, 30, 23
 0, 30, 29
 0, 30, 31
 0, 30, 32
 0, 30, 33
 0, 31, 1
 0, 31, 3
 0, 31, 4
 0, 31, 6
 0, 31, 7
 0, 31, 10
 0, 31, 12
 0, 31, 13
 0, 31, 14
 0, 31, 15
 0, 31, 16
 0, 31, 17
 0, 31, 18
 0, 31, 19
 0, 31, 20
 0, 31, 21
 0, 31, 23
 0, 31, 24
 0, 31, 28
 0, 31, 29
 0, 31, 30
 0, 31, 32
 0, 31, 33
 0, 32, 3
 0, 32, 4
 0, 32, 6
 0, 32, 7
 0, 32, 12
 0, 32, 13
 0, 32, 14
 0, 32, 16
 0, 32, 17
 0, 32, 18
 0, 32, 19
 0, 32, 20
 0, 32, 21
 0, 32, 23
 0, 32, 24
 0, 32, 28
 0, 32, 29
 0, 32, 30
 0, 32, 31
 0, 32, 33
 0, 33, 2
 0, 33, 6
 0, 33, 7
 0, 33, 11
 0, 33, 12
 0, 33, 13
 0, 33, 15
 0, 33, 16
 0, 33, 17
 0, 33, 18
 0, 33, 19
 0, 33, 20
 0, 33, 21
 0, 33, 23
 0, 33, 24
 0, 33, 26
 0, 33, 28
 0, 33, 29
 0, 33, 30
 0, 33, 31
 0, 33, 32
 1, 3, 4
 1, 3, 5
 1, 3, 6
 1, 3, 9
 1, 3, 11
 1, 3, 12
 1, 3, 13
 1, 3, 15
 1, 3, 16
 1, 3, 17
 1, 3, 18
 1, 3, 20
 1, 3, 21
 1, 3, 22
 1, 3, 23
 1, 3, 24
 1, 3, 25
 1, 3, 27
 1, 3, 28
 1, 3, 30
 1, 3, 31
 1, 4, 3
 1, 4, 5
 1, 4, 9
 1, 4, 11
 1, 4, 12
 1, 4, 13
 1, 4, 14
 1, 4, 15
 1, 4, 16
 1, 4, 17
 1, 4, 18
 1, 4, 19
 1, 4, 20
 1, 4, 21
 1, 4, 23
 1, 4, 24
 1, 4, 26
 1, 4, 27
 1, 4, 28
 1, 4, 30
 1, 4, 31
 1, 5, 3
 1, 5, 4
 1, 5, 6
 1, 5, 11
 1, 5, 12
 1, 5, 13
 1, 5, 15
 1, 5, 16
 1, 5, 17
 1, 5, 18
 1, 5, 20
 1, 5, 21
 1, 5, 22
 1, 5, 23
 1, 5, 24
 1, 5, 25
 1, 5, 28
 1, 5, 31
 1, 6, 3
 1, 6, 5
 1, 6, 9
 1, 6, 11
 1, 6, 12
 1, 6, 13
 1, 6, 14
 1, 6, 15
 1, 6, 16
 1, 6, 17
 1, 6, 18
 1, 6, 19
 1, 6, 20
 1, 6, 21
 1, 6, 22
 1, 6, 23
 1, 6, 24
 1, 6, 25
 1, 6, 26
 1, 6, 27
 1, 6, 28
 1, 6, 30
 1, 6, 31
 1, 9, 3
 1, 9, 4
 1, 9, 6
 1, 9, 12
 1, 9, 13
 1, 9, 15
 1, 9, 17
 1, 9, 18
 1, 9, 19
 1, 9, 20
 1, 9, 21
 1, 9, 26
 1, 9, 27
 1, 9, 28
 1, 9, 30
 1, 9, 31
 1, 11, 3
 1, 11, 4
 1, 11, 5
 1, 11, 6
 1, 11, 13
 1, 11, 16
 1, 11, 18
 1, 11, 20
 1, 11, 21
 1, 11, 23
 1, 11, 24
 1, 11, 26
 1, 11, 27
 1, 11, 28
 1, 11, 30
 1, 12, 3
 1, 12, 4
 1, 12, 5
 1, 12, 6
 1, 12, 9
 1, 12, 13
 1, 12, 16
 1, 12, 17
 1, 12, 18
 1, 12, 19
 1, 12, 20
 1, 12, 23
 1, 12, 24
 1, 12, 26
 1, 12, 27
 1, 12, 28
 1, 12, 30
 1, 12, 31
 1, 13, 3
 1, 13, 4
 1, 13, 5
 1, 13, 6
 1, 13, 9
 1, 13, 11
 1, 13, 12
 1, 13, 14
 1, 13, 15
 1, 13, 19
 1, 13, 20
 1, 13, 21
 1, 13, 22
 1, 13, 23
 1, 13, 25
 1, 13, 28
 1, 13, 30
 1, 13, 31
 1, 14, 4
 1, 14, 6
 1, 14, 13
 1, 14, 15
 1, 14, 16
 1, 14, 19
 1, 14, 20
 1, 14, 23
 1, 14, 24
 1, 14, 26
 1, 14, 27
 1, 14, 28
 1, 14, 31
 1, 15, 3
 1, 15, 4
 1, 15, 5
 1, 15, 6
 1, 15, 9
 1, 15, 13
 1, 15, 14
 1, 15, 16
 1, 15, 17
 1, 15, 18
 1, 15, 19
 1, 15, 20
 1, 15, 21
 1, 15, 22
 1, 15, 23
 1, 15, 24
 1, 15, 25
 1, 15, 27
 1, 15, 28
 1, 15, 30
 1, 15, 31
 1, 16, 3
 1, 16, 4
 1, 16, 5
 1, 16, 6
 1, 16, 11
 1, 16, 12
 1, 16, 14
 1, 16, 15
 1, 16, 17
 1, 16, 18
 1, 16, 23
 1, 16, 24
 1, 16, 28
 1, 16, 31
 1, 17, 3
 1, 17, 4
 1, 17, 5
 1, 17, 6
 1, 17, 9
 1, 17, 12
 1, 17, 15
 1, 17, 16
 1, 17, 20
 1, 17, 22
 1, 17, 23
 1, 17, 24
 1, 17, 25
 1, 17, 26
 1, 17, 27
 1, 17, 28
 1, 17, 31
 1, 18, 3
 1, 18, 4
 1, 18, 5
 1, 18, 6
 1, 18, 9
 1, 18, 11
 1, 18, 12
 1, 18, 15
 1, 18, 16
 1, 18, 20
 1, 18, 21
 1, 18, 26
 1, 18, 28
 1, 18, 30
 1, 18, 31
 1, 19, 4
 1, 19, 6
 1, 19, 9
 1, 19, 12
 1, 19, 13
 1, 19, 14
 1, 19, 15
 1, 19, 20
 1, 19, 23
 1, 19, 28
 1, 19, 30
 1, 19, 31
 1, 20, 3
 1, 20, 4
 1, 20, 5
 1, 20, 6
 1, 20, 9
 1, 20, 11
 1, 20, 12
 1, 20, 13
 1, 20, 14
 1, 20, 15
 1, 20, 17
 1, 20, 18
 1, 20, 19
 1, 20, 21
 1, 20, 22
 1, 20, 23
 1, 20, 25
 1, 20, 26
 1, 20, 28
 1, 20, 30
 1, 20, 31
 1, 21, 3
 1, 21, 4
 1, 21, 5
 1, 21, 6
 1, 21, 9
 1, 21, 11
 1, 21, 13
 1, 21, 15
 1, 21, 18
 1, 21, 20
 1, 21, 23
 1, 21, 24
 1, 21, 26
 1, 21, 27
 1, 21, 28
 1, 21, 30
 1, 21, 31
 1, 22, 3
 1, 22, 5
 1, 22, 6
 1, 22, 13
 1, 22, 15
 1, 22, 17
 1, 22, 20
 1, 22, 31
 1, 23, 3
 1, 23, 4
 1, 23, 5
 1, 23, 6
 1, 23, 11
 1, 23, 12
 1, 23, 13
 1, 23, 14
 1, 23, 15
 1, 23, 16
 1, 23, 17
 1, 23, 19
 1, 23, 20
 1, 23, 21
 1, 23, 24
 1, 23, 26
 1, 23, 27
 1, 23, 28
 1, 23, 30
 1, 23, 31
 1, 24, 3
 1, 24, 4
 1, 24, 5
 1, 24, 6
 1, 24, 11
 1, 24, 12
 1, 24, 14
 1, 24, 15
 1, 24, 16
 1, 24, 17
 1, 24, 21
 1, 24, 23
 1, 24, 26
 1, 24, 27
 1, 24, 31
 1, 25, 3
 1, 25, 5
 1, 25, 6
 1, 25, 13
 1, 25, 15
 1, 25, 17
 1, 25, 20
 1, 26, 4
 1, 26, 6
 1, 26, 9
 1, 26, 11
 1, 26, 12
 1, 26, 14
 1, 26, 17
 1, 26, 18
 1, 26, 20
 1, 26, 21
 1, 26, 23
 1, 26, 24
 1, 27, 3
 1, 27, 4
 1, 27, 6
 1, 27, 9
 1, 27, 11
 1, 27, 12
 1, 27, 14
 1, 27, 15
 1, 27, 17
 1, 27, 21
 1, 27, 23
 1, 27, 24
 1, 28, 3
 1, 28, 4
 1, 28, 5
 1, 28, 6
 1, 28, 9
 1, 28, 11
 1, 28, 12
 1, 28, 13
 1, 28, 14
 1, 28, 15
 1, 28, 16
 1, 28, 17
 1, 28, 18
 1, 28, 19
 1, 28, 20
 1, 28, 21
 1, 28, 23
 1, 28, 31
 1, 30, 3
 1, 30, 4
 1, 30, 6
 1, 30, 9
 1, 30, 11
 1, 30, 12
 1, 30, 13
 1, 30, 15
 1, 30, 18
 1, 30, 19
 1, 30, 20
 1, 30, 21
 1, 30, 23
 1, 30, 31
 1, 31, 3
 1, 31, 4
 1, 31, 5
 1, 31, 6
 1, 31, 9
 1, 31, 12
 1, 31, 13
 1, 31, 14
 1, 31, 15
 1, 31, 16
 1, 31, 17
 1, 31, 18
 1, 31, 19
 1, 31, 20
 1, 31, 21
 1, 31, 22
 1, 31, 23
 1, 31, 24
 1, 31, 28
 1, 31, 30
 2, 11, 16
 2, 11, 23
 2, 11, 26
 2, 11, 28
 2, 11, 33
 2, 11, 34
 2, 16, 11
 2, 16, 23
 2, 16, 28
 2, 16, 33
 2, 16, 34
 2, 19, 23
 2, 19, 28
 2, 19, 33
 2, 19, 34
 2, 23, 11
 2, 23, 16
 2, 23, 19
 2, 23, 26
 2, 23, 28
 2, 23, 33
 2, 26, 11
 2, 26, 23
 2, 26, 33
 2, 26, 34
 2, 28, 11
 2, 28, 16
 2, 28, 19
 2, 28, 23
 2, 28, 33
 2, 28, 34
 2, 33, 11
 2, 33, 16
 2, 33, 19
 2, 33, 23
 2, 33, 26
 2, 33, 28
 2, 33, 34
 2, 34, 11
 2, 34, 16
 2, 34, 19
 2, 34, 26
 2, 34, 28
 2, 34, 33
 3, 4, 5
 3, 4, 7
 3, 4, 8
 3, 4, 9
 3, 4, 10
 3, 4, 11
 3, 4, 12
 3, 4, 13
 3, 4, 15
 3, 4, 16
 3, 4, 17
 3, 4, 18
 3, 4, 20
 3, 4, 21
 3, 4, 23
 3, 4, 24
 3, 4, 27
 3, 4, 28
 3, 4, 30
 3, 4, 31
 3, 4, 32
 3, 5, 4
 3, 5, 6
 3, 5, 8
 3, 5, 10
 3, 5, 11
 3, 5, 12
 3, 5, 13
 3, 5, 15
 3, 5, 16
 3, 5, 17
 3, 5, 18
 3, 5, 20
 3, 5, 21
 3, 5, 22
 3, 5, 23
 3, 5, 24
 3, 5, 25
 3, 5, 28
 3, 5, 29
 3, 5, 31
 3, 5, 32
 3, 6, 5
 3, 6, 7
 3, 6, 9
 3, 6, 10
 3, 6, 11
 3, 6, 12
 3, 6, 13
 3, 6, 15
 3, 6, 16
 3, 6, 17
 3, 6, 18
 3, 6, 20
 3, 6, 21
 3, 6, 22
 3, 6, 23
 3, 6, 24
 3, 6, 25
 3, 6, 27
 3, 6, 28
 3, 6, 29
 3, 6, 30
 3, 6, 31
 3, 6, 32
 3, 7, 4
 3, 7, 6
 3, 7, 9
 3, 7, 11
 3, 7, 13
 3, 7, 18
 3, 7, 20
 3, 7, 21
 3, 7, 23
 3, 7, 27
 3, 7, 28
 3, 7, 29
 3, 7, 30
 3, 7, 31
 3, 7, 32
 3, 8, 4
 3, 8, 5
 3, 8, 9
 3, 8, 13
 3, 8, 15
 3, 8, 16
 3, 8, 17
 3, 8, 20
 3, 8, 23
 3, 8, 24
 3, 8, 28
 3, 8, 29
 3, 8, 31
 3, 8, 32
 3, 9, 4
 3, 9, 6
 3, 9, 7
 3, 9, 8
 3, 9, 12
 3, 9, 13
 3, 9, 15
 3, 9, 17
 3, 9, 18
 3, 9, 20
 3, 9, 21
 3, 9, 27
 3, 9, 28
 3, 9, 30
 3, 9, 31
 3, 9, 32
 3, 10, 4
 3, 10, 5
 3, 10, 6
 3, 10, 11
 3, 10, 13
 3, 10, 20
 3, 10, 21
 3, 10, 23
 3, 10, 24
 3, 10, 28
 3, 10, 30
 3, 10, 31
 3, 11, 4
 3, 11, 5
 3, 11, 6
 3, 11, 7
 3, 11, 10
 3, 11, 13
 3, 11, 16
 3, 11, 18
 3, 11, 20
 3, 11, 21
 3, 11, 23
 3, 11, 24
 3, 11, 27
 3, 11, 28
 3, 11, 30
 3, 12, 4
 3, 12, 5
 3, 12, 6
 3, 12, 9
 3, 12, 13
 3, 12, 16
 3, 12, 17
 3, 12, 18
 3, 12, 20
 3, 12, 23
 3, 12, 24
 3, 12, 27
 3, 12, 28
 3, 12, 29
 3, 12, 30
 3, 12, 31
 3, 12, 32
 3, 13, 4
 3, 13, 5
 3, 13, 6
 3, 13, 7
 3, 13, 8
 3, 13, 9
 3, 13, 10
 3, 13, 11
 3, 13, 12
 3, 13, 15
 3, 13, 20
 3, 13, 21
 3, 13, 22
 3, 13, 23
 3, 13, 25
 3, 13, 28
 3, 13, 29
 3, 13, 30
 3, 13, 31
 3, 13, 32
 3, 15, 4
 3, 15, 5
 3, 15, 6
 3, 15, 8
 3, 15, 9
 3, 15, 13
 3, 15, 16
 3, 15, 17
 3, 15, 18
 3, 15, 20
 3, 15, 21
 3, 15, 22
 3, 15, 23
 3, 15, 24
 3, 15, 25
 3, 15, 27
 3, 15, 28
 3, 15, 30
 3, 15, 31
 3, 16, 4
 3, 16, 5
 3, 16, 6
 3, 16, 8
 3, 16, 11
 3, 16, 12
 3, 16, 15
 3, 16, 17
 3, 16, 18
 3, 16, 23
 3, 16, 24
 3, 16, 28
 3, 16, 31
 3, 16, 32
 3, 17, 4
 3, 17, 5
 3, 17, 6
 3, 17, 8
 3, 17, 9
 3, 17, 12
 3, 17, 15
 3, 17, 16
 3, 17, 20
 3, 17, 22
 3, 17, 23
 3, 17, 24
 3, 17, 25
 3, 17, 27
 3, 17, 28
 3, 17, 29
 3, 17, 31
 3, 17, 32
 3, 18, 4
 3, 18, 5
 3, 18, 6
 3, 18, 7
 3, 18, 9
 3, 18, 11
 3, 18, 12
 3, 18, 15
 3, 18, 16
 3, 18, 20
 3, 18, 21
 3, 18, 28
 3, 18, 29
 3, 18, 30
 3, 18, 31
 3, 18, 32
 3, 20, 4
 3, 20, 5
 3, 20, 6
 3, 20, 7
 3, 20, 8
 3, 20, 9
 3, 20, 10
 3, 20, 11
 3, 20, 12
 3, 20, 13
 3, 20, 15
 3, 20, 17
 3, 20, 18
 3, 20, 21
 3, 20, 22
 3, 20, 23
 3, 20, 25
 3, 20, 28
 3, 20, 29
 3, 20, 30
 3, 20, 31
 3, 20, 32
 3, 21, 4
 3, 21, 5
 3, 21, 6
 3, 21, 7
 3, 21, 9
 3, 21, 10
 3, 21, 11
 3, 21, 13
 3, 21, 15
 3, 21, 18
 3, 21, 20
 3, 21, 23
 3, 21, 24
 3, 21, 27
 3, 21, 28
 3, 21, 29
 3, 21, 30
 3, 21, 31
 3, 21, 32
 3, 22, 5
 3, 22, 6
 3, 22, 13
 3, 22, 15
 3, 22, 17
 3, 22, 20
 3, 22, 31
 3, 22, 32
 3, 23, 4
 3, 23, 5
 3, 23, 6
 3, 23, 7
 3, 23, 8
 3, 23, 10
 3, 23, 11
 3, 23, 12
 3, 23, 13
 3, 23, 15
 3, 23, 16
 3, 23, 17
 3, 23, 20
 3, 23, 21
 3, 23, 24
 3, 23, 27
 3, 23, 28
 3, 23, 30
 3, 23, 31
 3, 23, 32
 3, 24, 4
 3, 24, 5
 3, 24, 6
 3, 24, 8
 3, 24, 10
 3, 24, 11
 3, 24, 12
 3, 24, 15
 3, 24, 16
 3, 24, 17
 3, 24, 21
 3, 24, 23
 3, 24, 27
 3, 24, 31
 3, 24, 32
 3, 25, 5
 3, 25, 6
 3, 25, 13
 3, 25, 15
 3, 25, 17
 3, 25, 20
 3, 25, 32
 3, 27, 4
 3, 27, 6
 3, 27, 7
 3, 27, 9
 3, 27, 11
 3, 27, 12
 3, 27, 15
 3, 27, 17
 3, 27, 21
 3, 27, 23
 3, 27, 24
 3, 28, 4
 3, 28, 5
 3, 28, 6
 3, 28, 7
 3, 28, 8
 3, 28, 9
 3, 28, 10
 3, 28, 11
 3, 28, 12
 3, 28, 13
 3, 28, 15
 3, 28, 16
 3, 28, 17
 3, 28, 18
 3, 28, 20
 3, 28, 21
 3, 28, 23
 3, 28, 29
 3, 28, 31
 3, 28, 32
 3, 29, 5
 3, 29, 6
 3, 29, 7
 3, 29, 8
 3, 29, 12
 3, 29, 13
 3, 29, 17
 3, 29, 18
 3, 29, 20
 3, 29, 21
 3, 29, 28
 3, 29, 30
 3, 29, 31
 3, 29, 32
 3, 30, 4
 3, 30, 6
 3, 30, 7
 3, 30, 9
 3, 30, 10
 3, 30, 11
 3, 30, 12
 3, 30, 13
 3, 30, 15
 3, 30, 18
 3, 30, 20
 3, 30, 21
 3, 30, 23
 3, 30, 29
 3, 30, 31
 3, 30, 32
 3, 31, 4
 3, 31, 5
 3, 31, 6
 3, 31, 7
 3, 31, 8
 3, 31, 9
 3, 31, 10
 3, 31, 12
 3, 31, 13
 3, 31, 15
 3, 31, 16
 3, 31, 17
 3, 31, 18
 3, 31, 20
 3, 31, 21
 3, 31, 22
 3, 31, 23
 3, 31, 24
 3, 31, 28
 3, 31, 29
 3, 31, 30
 3, 31, 32
 3, 32, 4
 3, 32, 5
 3, 32, 6
 3, 32, 7
 3, 32, 8
 3, 32, 9
 3, 32, 12
 3, 32, 13
 3, 32, 16
 3, 32, 17
 3, 32, 18
 3, 32, 20
 3, 32, 21
 3, 32, 22
 3, 32, 23
 3, 32, 24
 3, 32, 25
 3, 32, 28
 3, 32, 29
 3, 32, 30
 3, 32, 31
 4, 5, 8
 4, 5, 10
 4, 5, 11
 4, 5, 12
 4, 5, 13
 4, 5, 15
 4, 5, 16
 4, 5, 17
 4, 5, 18
 4, 5, 20
 4, 5, 21
 4, 5, 23
 4, 5, 24
 4, 5, 28
 4, 5, 31
 4, 5, 32
 4, 7, 9
 4, 7, 11
 4, 7, 13
 4, 7, 18
 4, 7, 20
 4, 7, 21
 4, 7, 23
 4, 7, 26
 4, 7, 27
 4, 7, 28
 4, 7, 30
 4, 7, 31
 4, 7, 32
 4, 8, 5
 4, 8, 9
 4, 8, 13
 4, 8, 15
 4, 8, 16
 4, 8, 17
 4, 8, 20
 4, 8, 23
 4, 8, 24
 4, 8, 28
 4, 8, 31
 4, 8, 32
 4, 9, 7
 4, 9, 8
 4, 9, 12
 4, 9, 13
 4, 9, 15
 4, 9, 17
 4, 9, 18
 4, 9, 19
 4, 9, 20
 4, 9, 21
 4, 9, 26
 4, 9, 27
 4, 9, 28
 4, 9, 30
 4, 9, 31
 4, 9, 32
 4, 10, 5
 4, 10, 11
 4, 10, 13
 4, 10, 20
 4, 10, 21
 4, 10, 23
 4, 10, 24
 4, 10, 28
 4, 10, 30
 4, 10, 31
 4, 11, 5
 4, 11, 7
 4, 11, 10
 4, 11, 13
 4, 11, 16
 4, 11, 18
 4, 11, 20
 4, 11, 21
 4, 11, 23
 4, 11, 24
 4, 11, 26
 4, 11, 27
 4, 11, 28
 4, 11, 30
 4, 12, 5
 4, 12, 9
 4, 12, 13
 4, 12, 16
 4, 12, 17
 4, 12, 18
 4, 12, 19
 4, 12, 20
 4, 12, 23
 4, 12, 24
 4, 12, 26
 4, 12, 27
 4, 12, 28
 4, 12, 30
 4, 12, 31
 4, 12, 32
 4, 13, 5
 4, 13, 7
 4, 13, 8
 4, 13, 9
 4, 13, 10
 4, 13, 11
 4, 13, 12
 4, 13, 14
 4, 13, 15
 4, 13, 19
 4, 13, 20
 4, 13, 21
 4, 13, 23
 4, 13, 28
 4, 13, 30
 4, 13, 31
 4, 13, 32
 4, 14, 13
 4, 14, 15
 4, 14, 16
 4, 14, 19
 4, 14, 20
 4, 14, 23
 4, 14, 24
 4, 14, 26
 4, 14, 27
 4, 14, 28
 4, 14, 31
 4, 14, 32
 4, 15, 5
 4, 15, 8
 4, 15, 9
 4, 15, 13
 4, 15, 14
 4, 15, 16
 4, 15, 17
 4, 15, 18
 4, 15, 19
 4, 15, 20
 4, 15, 21
 4, 15, 23
 4, 15, 24
 4, 15, 27
 4, 15, 28
 4, 15, 30
 4, 15, 31
 4, 16, 5
 4, 16, 8
 4, 16, 11
 4, 16, 12
 4, 16, 14
 4, 16, 15
 4, 16, 17
 4, 16, 18
 4, 16, 23
 4, 16, 24
 4, 16, 28
 4, 16, 31
 4, 16, 32
 4, 17, 5
 4, 17, 8
 4, 17, 9
 4, 17, 12
 4, 17, 15
 4, 17, 16
 4, 17, 20
 4, 17, 23
 4, 17, 24
 4, 17, 26
 4, 17, 27
 4, 17, 28
 4, 17, 31
 4, 17, 32
 4, 18, 5
 4, 18, 7
 4, 18, 9
 4, 18, 11
 4, 18, 12
 4, 18, 15
 4, 18, 16
 4, 18, 20
 4, 18, 21
 4, 18, 26
 4, 18, 28
 4, 18, 30
 4, 18, 31
 4, 18, 32
 4, 19, 9
 4, 19, 12
 4, 19, 13
 4, 19, 14
 4, 19, 15
 4, 19, 20
 4, 19, 23
 4, 19, 28
 4, 19, 30
 4, 19, 31
 4, 19, 32
 4, 20, 5
 4, 20, 7
 4, 20, 8
 4, 20, 9
 4, 20, 10
 4, 20, 11
 4, 20, 12
 4, 20, 13
 4, 20, 14
 4, 20, 15
 4, 20, 17
 4, 20, 18
 4, 20, 19
 4, 20, 21
 4, 20, 23
 4, 20, 26
 4, 20, 28
 4, 20, 30
 4, 20, 31
 4, 20, 32
 4, 21, 5
 4, 21, 7
 4, 21, 9
 4, 21, 10
 4, 21, 11
 4, 21, 13
 4, 21, 15
 4, 21, 18
 4, 21, 20
 4, 21, 23
 4, 21, 24
 4, 21, 26
 4, 21, 27
 4, 21, 28
 4, 21, 30
 4, 21, 31
 4, 21, 32
 4, 23, 5
 4, 23, 7
 4, 23, 8
 4, 23, 10
 4, 23, 11
 4, 23, 12
 4, 23, 13
 4, 23, 14
 4, 23, 15
 4, 23, 16
 4, 23, 17
 4, 23, 19
 4, 23, 20
 4, 23, 21
 4, 23, 24
 4, 23, 26
 4, 23, 27
 4, 23, 28
 4, 23, 30
 4, 23, 31
 4, 23, 32
 4, 24, 5
 4, 24, 8
 4, 24, 10
 4, 24, 11
 4, 24, 12
 4, 24, 14
 4, 24, 15
 4, 24, 16
 4, 24, 17
 4, 24, 21
 4, 24, 23
 4, 24, 26
 4, 24, 27
 4, 24, 31
 4, 24, 32
 4, 26, 7
 4, 26, 9
 4, 26, 11
 4, 26, 12
 4, 26, 14
 4, 26, 17
 4, 26, 18
 4, 26, 20
 4, 26, 21
 4, 26, 23
 4, 26, 24
 4, 27, 7
 4, 27, 9
 4, 27, 11
 4, 27, 12
 4, 27, 14
 4, 27, 15
 4, 27, 17
 4, 27, 21
 4, 27, 23
 4, 27, 24
 4, 28, 5
 4, 28, 7
 4, 28, 8
 4, 28, 9
 4, 28, 10
 4, 28, 11
 4, 28, 12
 4, 28, 13
 4, 28, 14
 4, 28, 15
 4, 28, 16
 4, 28, 17
 4, 28, 18
 4, 28, 19
 4, 28, 20
 4, 28, 21
 4, 28, 23
 4, 28, 31
 4, 28, 32
 4, 30, 7
 4, 30, 9
 4, 30, 10
 4, 30, 11
 4, 30, 12
 4, 30, 13
 4, 30, 15
 4, 30, 18
 4, 30, 19
 4, 30, 20
 4, 30, 21
 4, 30, 23
 4, 30, 31
 4, 30, 32
 4, 31, 5
 4, 31, 7
 4, 31, 8
 4, 31, 9
 4, 31, 10
 4, 31, 12
 4, 31, 13
 4, 31, 14
 4, 31, 15
 4, 31, 16
 4, 31, 17
 4, 31, 18
 4, 31, 19
 4, 31, 20
 4, 31, 21
 4, 31, 23
 4, 31, 24
 4, 31, 28
 4, 31, 30
 4, 31, 32
 4, 32, 5
 4, 32, 7
 4, 32, 8
 4, 32, 9
 4, 32, 12
 4, 32, 13
 4, 32, 14
 4, 32, 16
 4, 32, 17
 4, 32, 18
 4, 32, 19
 4, 32, 20
 4, 32, 21
 4, 32, 23
 4, 32, 24
 4, 32, 28
 4, 32, 30
 4, 32, 31
 5, 6, 10
 5, 6, 11
 5, 6, 12
 5, 6, 13
 5, 6, 15
 5, 6, 16
 5, 6, 17
 5, 6, 18
 5, 6, 20
 5, 6, 21
 5, 6, 22
 5, 6, 23
 5, 6, 24
 5, 6, 25
 5, 6, 28
 5, 6, 29
 5, 6, 31
 5, 6, 32
 5, 8, 13
 5, 8, 15
 5, 8, 16
 5, 8, 17
 5, 8, 20
 5, 8, 23
 5, 8, 24
 5, 8, 28
 5, 8, 29
 5, 8, 31
 5, 8, 32
 5, 10, 6
 5, 10, 11
 5, 10, 13
 5, 10, 20
 5, 10, 21
 5, 10, 23
 5, 10, 24
 5, 10, 28
 5, 10, 31
 5, 11, 6
 5, 11, 10
 5, 11, 13
 5, 11, 16
 5, 11, 18
 5, 11, 20
 5, 11, 21
 5, 11, 23
 5, 11, 24
 5, 11, 28
 5, 12, 6
 5, 12, 13
 5, 12, 16
 5, 12, 17
 5, 12, 18
 5, 12, 20
 5, 12, 23
 5, 12, 24
 5, 12, 28
 5, 12, 29
 5, 12, 31
 5, 12, 32
 5, 13, 6
 5, 13, 8
 5, 13, 10
 5, 13, 11
 5, 13, 12
 5, 13, 15
 5, 13, 20
 5, 13, 21
 5, 13, 22
 5, 13, 23
 5, 13, 25
 5, 13, 28
 5, 13, 29
 5, 13, 31
 5, 13, 32
 5, 15, 6
 5, 15, 8
 5, 15, 13
 5, 15, 16
 5, 15, 17
 5, 15, 18
 5, 15, 20
 5, 15, 21
 5, 15, 22
 5, 15, 23
 5, 15, 24
 5, 15, 25
 5, 15, 28
 5, 15, 31
 5, 16, 6
 5, 16, 8
 5, 16, 11
 5, 16, 12
 5, 16, 15
 5, 16, 17
 5, 16, 18
 5, 16, 23
 5, 16, 24
 5, 16, 28
 5, 16, 31
 5, 16, 32
 5, 17, 6
 5, 17, 8
 5, 17, 12
 5, 17, 15
 5, 17, 16
 5, 17, 20
 5, 17, 22
 5, 17, 23
 5, 17, 24
 5, 17, 25
 5, 17, 28
 5, 17, 29
 5, 17, 31
 5, 17, 32
 5, 18, 6
 5, 18, 11
 5, 18, 12
 5, 18, 15
 5, 18, 16
 5, 18, 20
 5, 18, 21
 5, 18, 28
 5, 18, 29
 5, 18, 31
 5, 18, 32
 5, 20, 6
 5, 20, 8
 5, 20, 10
 5, 20, 11
 5, 20, 12
 5, 20, 13
 5, 20, 15
 5, 20, 17
 5, 20, 18
 5, 20, 21
 5, 20, 22
 5, 20, 23
 5, 20, 25
 5, 20, 28
 5, 20, 29
 5, 20, 31
 5, 20, 32
 5, 21, 6
 5, 21, 10
 5, 21, 11
 5, 21, 13
 5, 21, 15
 5, 21, 18
 5, 21, 20
 5, 21, 23
 5, 21, 24
 5, 21, 28
 5, 21, 29
 5, 21, 31
 5, 21, 32
 5, 22, 6
 5, 22, 13
 5, 22, 15
 5, 22, 17
 5, 22, 20
 5, 22, 31
 5, 22, 32
 5, 23, 6
 5, 23, 8
 5, 23, 10
 5, 23, 11
 5, 23, 12
 5, 23, 13
 5, 23, 15
 5, 23, 16
 5, 23, 17
 5, 23, 20
 5, 23, 21
 5, 23, 24
 5, 23, 28
 5, 23, 31
 5, 23, 32
 5, 24, 6
 5, 24, 8
 5, 24, 10
 5, 24, 11
 5, 24, 12
 5, 24, 15
 5, 24, 16
 5, 24, 17
 5, 24, 21
 5, 24, 23
 5, 24, 31
 5, 24, 32
 5, 25, 6
 5, 25, 13
 5, 25, 15
 5, 25, 17
 5, 25, 20
 5, 25, 32
 5, 28, 6
 5, 28, 8
 5, 28, 10
 5, 28, 11
 5, 28, 12
 5, 28, 13
 5, 28, 15
 5, 28, 16
 5, 28, 17
 5, 28, 18
 5, 28, 20
 5, 28, 21
 5, 28, 23
 5, 28, 29
 5, 28, 31
 5, 28, 32
 5, 29, 6
 5, 29, 8
 5, 29, 12
 5, 29, 13
 5, 29, 17
 5, 29, 18
 5, 29, 20
 5, 29, 21
 5, 29, 28
 5, 29, 31
 5, 29, 32
 5, 31, 6
 5, 31, 8
 5, 31, 10
 5, 31, 12
 5, 31, 13
 5, 31, 15
 5, 31, 16
 5, 31, 17
 5, 31, 18
 5, 31, 20
 5, 31, 21
 5, 31, 22
 5, 31, 23
 5, 31, 24
 5, 31, 28
 5, 31, 29
 5, 31, 32
 5, 32, 6
 5, 32, 8
 5, 32, 12
 5, 32, 13
 5, 32, 16
 5, 32, 17
 5, 32, 18
 5, 32, 20
 5, 32, 21
 5, 32, 22
 5, 32, 23
 5, 32, 24
 5, 32, 25
 5, 32, 28
 5, 32, 29
 5, 32, 31
 6, 7, 9
 6, 7, 11
 6, 7, 13
 6, 7, 18
 6, 7, 20
 6, 7, 21
 6, 7, 23
 6, 7, 26
 6, 7, 27
 6, 7, 28
 6, 7, 29
 6, 7, 30
 6, 7, 31
 6, 7, 32
 6, 7, 33
 6, 7, 34
 6, 9, 7
 6, 9, 12
 6, 9, 13
 6, 9, 15
 6, 9, 17
 6, 9, 18
 6, 9, 19
 6, 9, 20
 6, 9, 21
 6, 9, 26
 6, 9, 27
 6, 9, 28
 6, 9, 30
 6, 9, 31
 6, 9, 32
 6, 9, 33
 6, 10, 11
 6, 10, 13
 6, 10, 20
 6, 10, 21
 6, 10, 23
 6, 10, 24
 6, 10, 28
 6, 10, 30
 6, 10, 31
 6, 11, 7
 6, 11, 10
 6, 11, 13
 6, 11, 16
 6, 11, 18
 6, 11, 20
 6, 11, 21
 6, 11, 23
 6, 11, 24
 6, 11, 26
 6, 11, 27
 6, 11, 28
 6, 11, 30
 6, 11, 33
 6, 11, 34
 6, 12, 9
 6, 12, 13
 6, 12, 16
 6, 12, 17
 6, 12, 18
 6, 12, 19
 6, 12, 20
 6, 12, 23
 6, 12, 24
 6, 12, 26
 6, 12, 27
 6, 12, 28
 6, 12, 29
 6, 12, 30
 6, 12, 31
 6, 12, 32
 6, 12, 33
 6, 12, 34
 6, 13, 7
 6, 13, 9
 6, 13, 10
 6, 13, 11
 6, 13, 12
 6, 13, 14
 6, 13, 15
 6, 13, 19
 6, 13, 20
 6, 13, 21
 6, 13, 22
 6, 13, 23
 6, 13, 25
 6, 13, 28
 6, 13, 29
 6, 13, 30
 6, 13, 31
 6, 13, 32
 6, 13, 33
 6, 13, 34
 6, 14, 13
 6, 14, 15
 6, 14, 16
 6, 14, 19
 6, 14, 20
 6, 14, 23
 6, 14, 24
 6, 14, 26
 6, 14, 27
 6, 14, 28
 6, 14, 31
 6, 14, 32
 6, 14, 34
 6, 15, 9
 6, 15, 13
 6, 15, 14
 6, 15, 16
 6, 15, 17
 6, 15, 18
 6, 15, 19
 6, 15, 20
 6, 15, 21
 6, 15, 22
 6, 15, 23
 6, 15, 24
 6, 15, 25
 6, 15, 27
 6, 15, 28
 6, 15, 30
 6, 15, 31
 6, 15, 33
 6, 16, 11
 6, 16, 12
 6, 16, 14
 6, 16, 15
 6, 16, 17
 6, 16, 18
 6, 16, 23
 6, 16, 24
 6, 16, 28
 6, 16, 31
 6, 16, 32
 6, 16, 33
 6, 16, 34
 6, 17, 9
 6, 17, 12
 6, 17, 15
 6, 17, 16
 6, 17, 20
 6, 17, 22
 6, 17, 23
 6, 17, 24
 6, 17, 25
 6, 17, 26
 6, 17, 27
 6, 17, 28
 6, 17, 29
 6, 17, 31
 6, 17, 32
 6, 17, 33
 6, 17, 34
 6, 18, 7
 6, 18, 9
 6, 18, 11
 6, 18, 12
 6, 18, 15
 6, 18, 16
 6, 18, 20
 6, 18, 21
 6, 18, 26
 6, 18, 28
 6, 18, 29
 6, 18, 30
 6, 18, 31
 6, 18, 32
 6, 18, 33
 6, 18, 34
 6, 19, 9
 6, 19, 12
 6, 19, 13
 6, 19, 14
 6, 19, 15
 6, 19, 20
 6, 19, 23
 6, 19, 28
 6, 19, 30
 6, 19, 31
 6, 19, 32
 6, 19, 33
 6, 19, 34
 6, 20, 7
 6, 20, 9
 6, 20, 10
 6, 20, 11
 6, 20, 12
 6, 20, 13
 6, 20, 14
 6, 20, 15
 6, 20, 17
 6, 20, 18
 6, 20, 19
 6, 20, 21
 6, 20, 22
 6, 20, 23
 6, 20, 25
 6, 20, 26
 6, 20, 28
 6, 20, 29
 6, 20, 30
 6, 20, 31
 6, 20, 32
 6, 20, 33
 6, 20, 34
 6, 21, 7
 6, 21, 9
 6, 21, 10
 6, 21, 11
 6, 21, 13
 6, 21, 15
 6, 21, 18
 6, 21, 20
 6, 21, 23
 6, 21, 24
 6, 21, 26
 6, 21, 27
 6, 21, 28
 6, 21, 29
 6, 21, 30
 6, 21, 31
 6, 21, 32
 6, 21, 33
 6, 21, 34
 6, 22, 13
 6, 22, 15
 6, 22, 17
 6, 22, 20
 6, 22, 31
 6, 22, 32
 6, 23, 7
 6, 23, 10
 6, 23, 11
 6, 23, 12
 6, 23, 13
 6, 23, 14
 6, 23, 15
 6, 23, 16
 6, 23, 17
 6, 23, 19
 6, 23, 20
 6, 23, 21
 6, 23, 24
 6, 23, 26
 6, 23, 27
 6, 23, 28
 6, 23, 30
 6, 23, 31
 6, 23, 32
 6, 23, 33
 6, 24, 10
 6, 24, 11
 6, 24, 12
 6, 24, 14
 6, 24, 15
 6, 24, 16
 6, 24, 17
 6, 24, 21
 6, 24, 23
 6, 24, 26
 6, 24, 27
 6, 24, 31
 6, 24, 32
 6, 24, 33
 6, 24, 34
 6, 25, 13
 6, 25, 15
 6, 25, 17
 6, 25, 20
 6, 25, 32
 6, 26, 7
 6, 26, 9
 6, 26, 11
 6, 26, 12
 6, 26, 14
 6, 26, 17
 6, 26, 18
 6, 26, 20
 6, 26, 21
 6, 26, 23
 6, 26, 24
 6, 26, 33
 6, 26, 34
 6, 27, 7
 6, 27, 9
 6, 27, 11
 6, 27, 12
 6, 27, 14
 6, 27, 15
 6, 27, 17
 6, 27, 21
 6, 27, 23
 6, 27, 24
 6, 27, 34
 6, 28, 7
 6, 28, 9
 6, 28, 10
 6, 28, 11
 6, 28, 12
 6, 28, 13
 6, 28, 14
 6, 28, 15
 6, 28, 16
 6, 28, 17
 6, 28, 18
 6, 28, 19
 6, 28, 20
 6, 28, 21
 6, 28, 23
 6, 28, 29
 6, 28, 31
 6, 28, 32
 6, 28, 33
 6, 28, 34
 6, 29, 7
 6, 29, 12
 6, 29, 13
 6, 29, 17
 6, 29, 18
 6, 29, 20
 6, 29, 21
 6, 29, 28
 6, 29, 30
 6, 29, 31
 6, 29, 32
 6, 29, 33
 6, 29, 34
 6, 30, 7
 6, 30, 9
 6, 30, 10
 6, 30, 11
 6, 30, 12
 6, 30, 13
 6, 30, 15
 6, 30, 18
 6, 30, 19
 6, 30, 20
 6, 30, 21
 6, 30, 23
 6, 30, 29
 6, 30, 31
 6, 30, 32
 6, 30, 33
 6, 30, 34
 6, 31, 7
 6, 31, 9
 6, 31, 10
 6, 31, 12
 6, 31, 13
 6, 31, 14
 6, 31, 15
 6, 31, 16
 6, 31, 17
 6, 31, 18
 6, 31, 19
 6, 31, 20
 6, 31, 21
 6, 31, 22
 6, 31, 23
 6, 31, 24
 6, 31, 28
 6, 31, 29
 6, 31, 30
 6, 31, 32
 6, 31, 33
 6, 31, 34
 6, 32, 7
 6, 32, 9
 6, 32, 12
 6, 32, 13
 6, 32, 14
 6, 32, 16
 6, 32, 17
 6, 32, 18
 6, 32, 19
 6, 32, 20
 6, 32, 21
 6, 32, 22
 6, 32, 23
 6, 32, 24
 6, 32, 25
 6, 32, 28
 6, 32, 29
 6, 32, 30
 6, 32, 31
 6, 32, 33
 6, 32, 34
 6, 33, 7
 6, 33, 9
 6, 33, 11
 6, 33, 12
 6, 33, 13
 6, 33, 15
 6, 33, 16
 6, 33, 17
 6, 33, 18
 6, 33, 19
 6, 33, 20
 6, 33, 21
 6, 33, 23
 6, 33, 24
 6, 33, 26
 6, 33, 28
 6, 33, 29
 6, 33, 30
 6, 33, 31
 6, 33, 32
 6, 33, 34
 6, 34, 7
 6, 34, 11
 6, 34, 12
 6, 34, 13
 6, 34, 14
 6, 34, 16
 6, 34, 17
 6, 34, 18
 6, 34, 19
 6, 34, 20
 6, 34, 21
 6, 34, 24
 6, 34, 26
 6, 34, 27
 6, 34, 28
 6, 34, 29
 6, 34, 30
 6, 34, 31
 6, 34, 32
 6, 34, 33
 7, 9, 13
 7, 9, 18
 7, 9, 20
 7, 9, 21
 7, 9, 26
 7, 9, 27
 7, 9, 28
 7, 9, 30
 7, 9, 31
 7, 9, 32
 7, 9, 33
 7, 11, 13
 7, 11, 18
 7, 11, 20
 7, 11, 21
 7, 11, 23
 7, 11, 26
 7, 11, 27
 7, 11, 28
 7, 11, 30
 7, 11, 33
 7, 11, 34
 7, 13, 9
 7, 13, 11
 7, 13, 20
 7, 13, 21
 7, 13, 23
 7, 13, 28
 7, 13, 29
 7, 13, 30
 7, 13, 31
 7, 13, 32
 7, 13, 33
 7, 13, 34
 7, 18, 9
 7, 18, 11
 7, 18, 20
 7, 18, 21
 7, 18, 26
 7, 18, 28
 7, 18, 29
 7, 18, 30
 7, 18, 31
 7, 18, 32
 7, 18, 33
 7, 18, 34
 7, 20, 9
 7, 20, 11
 7, 20, 13
 7, 20, 18
 7, 20, 21
 7, 20, 23
 7, 20, 26
 7, 20, 28
 7, 20, 29
 7, 20, 30
 7, 20, 31
 7, 20, 32
 7, 20, 33
 7, 20, 34
 7, 21, 9
 7, 21, 11
 7, 21, 13
 7, 21, 18
 7, 21, 20
 7, 21, 23
 7, 21, 26
 7, 21, 27
 7, 21, 28
 7, 21, 29
 7, 21, 30
 7, 21, 31
 7, 21, 32
 7, 21, 33
 7, 21, 34
 7, 23, 11
 7, 23, 13
 7, 23, 20
 7, 23, 21
 7, 23, 26
 7, 23, 27
 7, 23, 28
 7, 23, 30
 7, 23, 31
 7, 23, 32
 7, 23, 33
 7, 26, 9
 7, 26, 11
 7, 26, 18
 7, 26, 20
 7, 26, 21
 7, 26, 23
 7, 26, 33
 7, 26, 34
 7, 27, 9
 7, 27, 11
 7, 27, 21
 7, 27, 23
 7, 27, 34
 7, 28, 9
 7, 28, 11
 7, 28, 13
 7, 28, 18
 7, 28, 20
 7, 28, 21
 7, 28, 23
 7, 28, 29
 7, 28, 31
 7, 28, 32
 7, 28, 33
 7, 28, 34
 7, 29, 13
 7, 29, 18
 7, 29, 20
 7, 29, 21
 7, 29, 28
 7, 29, 30
 7, 29, 31
 7, 29, 32
 7, 29, 33
 7, 29, 34
 7, 30, 9
 7, 30, 11
 7, 30, 13
 7, 30, 18
 7, 30, 20
 7, 30, 21
 7, 30, 23
 7, 30, 29
 7, 30, 31
 7, 30, 32
 7, 30, 33
 7, 30, 34
 7, 31, 9
 7, 31, 13
 7, 31, 18
 7, 31, 20
 7, 31, 21
 7, 31, 23
 7, 31, 28
 7, 31, 29
 7, 31, 30
 7, 31, 32
 7, 31, 33
 7, 31, 34
 7, 32, 9
 7, 32, 13
 7, 32, 18
 7, 32, 20
 7, 32, 21
 7, 32, 23
 7, 32, 28
 7, 32, 29
 7, 32, 30
 7, 32, 31
 7, 32, 33
 7, 32, 34
 7, 33, 9
 7, 33, 11
 7, 33, 13
 7, 33, 18
 7, 33, 20
 7, 33, 21
 7, 33, 23
 7, 33, 26
 7, 33, 28
 7, 33, 29
 7, 33, 30
 7, 33, 31
 7, 33, 32
 7, 33, 34
 7, 34, 11
 7, 34, 13
 7, 34, 18
 7, 34, 20
 7, 34, 21
 7, 34, 26
 7, 34, 27
 7, 34, 28
 7, 34, 29
 7, 34, 30
 7, 34, 31
 7, 34, 32
 7, 34, 33
 8, 9, 13
 8, 9, 15
 8, 9, 17
 8, 9, 20
 8, 9, 28
 8, 9, 31
 8, 9, 32
 8, 9, 33
 8, 13, 9
 8, 13, 15
 8, 13, 20
 8, 13, 23
 8, 13, 28
 8, 13, 29
 8, 13, 31
 8, 13, 32
 8, 13, 33
 8, 13, 34
 8, 15, 9
 8, 15, 13
 8, 15, 16
 8, 15, 17
 8, 15, 20
 8, 15, 23
 8, 15, 24
 8, 15, 28
 8, 15, 31
 8, 15, 33
 8, 16, 15
 8, 16, 17
 8, 16, 23
 8, 16, 24
 8, 16, 28
 8, 16, 31
 8, 16, 32
 8, 16, 33
 8, 16, 34
 8, 17, 9
 8, 17, 15
 8, 17, 16
 8, 17, 20
 8, 17, 23
 8, 17, 24
 8, 17, 28
 8, 17, 29
 8, 17, 31
 8, 17, 32
 8, 17, 33
 8, 17, 34
 8, 20, 9
 8, 20, 13
 8, 20, 15
 8, 20, 17
 8, 20, 23
 8, 20, 28
 8, 20, 29
 8, 20, 31
 8, 20, 32
 8, 20, 33
 8, 20, 34
 8, 23, 13
 8, 23, 15
 8, 23, 16
 8, 23, 17
 8, 23, 20
 8, 23, 24
 8, 23, 28
 8, 23, 31
 8, 23, 32
 8, 23, 33
 8, 24, 15
 8, 24, 16
 8, 24, 17
 8, 24, 23
 8, 24, 31
 8, 24, 32
 8, 24, 33
 8, 24, 34
 8, 28, 9
 8, 28, 13
 8, 28, 15
 8, 28, 16
 8, 28, 17
 8, 28, 20
 8, 28, 23
 8, 28, 29
 8, 28, 31
 8, 28, 32
 8, 28, 33
 8, 28, 34
 8, 29, 13
 8, 29, 17
 8, 29, 20
 8, 29, 28
 8, 29, 31
 8, 29, 32
 8, 29, 33
 8, 29, 34
 8, 31, 9
 8, 31, 13
 8, 31, 15
 8, 31, 16
 8, 31, 17
 8, 31, 20
 8, 31, 23
 8, 31, 24
 8, 31, 28
 8, 31, 29
 8, 31, 32
 8, 31, 33
 8, 31, 34
 8, 32, 9
 8, 32, 13
 8, 32, 16
 8, 32, 17
 8, 32, 20
 8, 32, 23
 8, 32, 24
 8, 32, 28
 8, 32, 29
 8, 32, 31
 8, 32, 33
 8, 32, 34
 8, 33, 9
 8, 33, 13
 8, 33, 15
 8, 33, 16
 8, 33, 17
 8, 33, 20
 8, 33, 23
 8, 33, 24
 8, 33, 28
 8, 33, 29
 8, 33, 31
 8, 33, 32
 8, 33, 34
 8, 34, 13
 8, 34, 16
 8, 34, 17
 8, 34, 20
 8, 34, 24
 8, 34, 28
 8, 34, 29
 8, 34, 31
 8, 34, 32
 8, 34, 33
 9, 12, 13
 9, 12, 17
 9, 12, 18
 9, 12, 19
 9, 12, 20
 9, 12, 26
 9, 12, 27
 9, 12, 28
 9, 12, 30
 9, 12, 31
 9, 12, 32
 9, 12, 33
 9, 13, 12
 9, 13, 15
 9, 13, 19
 9, 13, 20
 9, 13, 21
 9, 13, 28
 9, 13, 30
 9, 13, 31
 9, 13, 32
 9, 13, 33
 9, 15, 13
 9, 15, 17
 9, 15, 18
 9, 15, 19
 9, 15, 20
 9, 15, 21
 9, 15, 27
 9, 15, 28
 9, 15, 30
 9, 15, 31
 9, 15, 33
 9, 17, 12
 9, 17, 15
 9, 17, 20
 9, 17, 26
 9, 17, 27
 9, 17, 28
 9, 17, 31
 9, 17, 32
 9, 17, 33
 9, 18, 12
 9, 18, 15
 9, 18, 20
 9, 18, 21
 9, 18, 26
 9, 18, 28
 9, 18, 30
 9, 18, 31
 9, 18, 32
 9, 18, 33
 9, 19, 12
 9, 19, 13
 9, 19, 15
 9, 19, 20
 9, 19, 28
 9, 19, 30
 9, 19, 31
 9, 19, 32
 9, 19, 33
 9, 20, 12
 9, 20, 13
 9, 20, 15
 9, 20, 17
 9, 20, 18
 9, 20, 19
 9, 20, 21
 9, 20, 26
 9, 20, 28
 9, 20, 30
 9, 20, 31
 9, 20, 32
 9, 20, 33
 9, 21, 13
 9, 21, 15
 9, 21, 18
 9, 21, 20
 9, 21, 26
 9, 21, 27
 9, 21, 28
 9, 21, 30
 9, 21, 31
 9, 21, 32
 9, 21, 33
 9, 26, 12
 9, 26, 17
 9, 26, 18
 9, 26, 20
 9, 26, 21
 9, 26, 33
 9, 27, 12
 9, 27, 15
 9, 27, 17
 9, 27, 21
 9, 28, 12
 9, 28, 13
 9, 28, 15
 9, 28, 17
 9, 28, 18
 9, 28, 19
 9, 28, 20
 9, 28, 21
 9, 28, 31
 9, 28, 32
 9, 28, 33
 9, 30, 12
 9, 30, 13
 9, 30, 15
 9, 30, 18
 9, 30, 19
 9, 30, 20
 9, 30, 21
 9, 30, 31
 9, 30, 32
 9, 30, 33
 9, 31, 12
 9, 31, 13
 9, 31, 15
 9, 31, 17
 9, 31, 18
 9, 31, 19
 9, 31, 20
 9, 31, 21
 9, 31, 28
 9, 31, 30
 9, 31, 32
 9, 31, 33
 9, 32, 12
 9, 32, 13
 9, 32, 17
 9, 32, 18
 9, 32, 19
 9, 32, 20
 9, 32, 21
 9, 32, 28
 9, 32, 30
 9, 32, 31
 9, 32, 33
 9, 33, 12
 9, 33, 13
 9, 33, 15
 9, 33, 17
 9, 33, 18
 9, 33, 19
 9, 33, 20
 9, 33, 21
 9, 33, 26
 9, 33, 28
 9, 33, 30
 9, 33, 31
 9, 33, 32
 10, 11, 13
 10, 11, 20
 10, 11, 21
 10, 11, 23
 10, 11, 24
 10, 11, 28
 10, 11, 30
 10, 13, 11
 10, 13, 20
 10, 13, 21
 10, 13, 23
 10, 13, 28
 10, 13, 30
 10, 13, 31
 10, 20, 11
 10, 20, 13
 10, 20, 21
 10, 20, 23
 10, 20, 28
 10, 20, 30
 10, 20, 31
 10, 21, 11
 10, 21, 13
 10, 21, 20
 10, 21, 23
 10, 21, 24
 10, 21, 28
 10, 21, 30
 10, 21, 31
 10, 23, 11
 10, 23, 13
 10, 23, 20
 10, 23, 21
 10, 23, 24
 10, 23, 28
 10, 23, 30
 10, 23, 31
 10, 24, 11
 10, 24, 21
 10, 24, 23
 10, 24, 31
 10, 28, 11
 10, 28, 13
 10, 28, 20
 10, 28, 21
 10, 28, 23
 10, 28, 31
 10, 30, 11
 10, 30, 13
 10, 30, 20
 10, 30, 21
 10, 30, 23
 10, 30, 31
 10, 31, 13
 10, 31, 20
 10, 31, 21
 10, 31, 23
 10, 31, 24
 10, 31, 28
 10, 31, 30
 11, 13, 20
 11, 13, 21
 11, 13, 23
 11, 13, 28
 11, 13, 30
 11, 13, 33
 11, 13, 34
 11, 16, 18
 11, 16, 23
 11, 16, 24
 11, 16, 28
 11, 16, 33
 11, 16, 34
 11, 18, 16
 11, 18, 20
 11, 18, 21
 11, 18, 26
 11, 18, 28
 11, 18, 30
 11, 18, 33
 11, 18, 34
 11, 20, 13
 11, 20, 18
 11, 20, 21
 11, 20, 23
 11, 20, 26
 11, 20, 28
 11, 20, 30
 11, 20, 33
 11, 20, 34
 11, 21, 13
 11, 21, 18
 11, 21, 20
 11, 21, 23
 11, 21, 24
 11, 21, 26
 11, 21, 27
 11, 21, 28
 11, 21, 30
 11, 21, 33
 11, 21, 34
 11, 23, 13
 11, 23, 16
 11, 23, 20
 11, 23, 21
 11, 23, 24
 11, 23, 26
 11, 23, 27
 11, 23, 28
 11, 23, 30
 11, 23, 33
 11, 24, 16
 11, 24, 21
 11, 24, 23
 11, 24, 26
 11, 24, 27
 11, 24, 33
 11, 24, 34
 11, 26, 18
 11, 26, 20
 11, 26, 21
 11, 26, 23
 11, 26, 24
 11, 26, 33
 11, 26, 34
 11, 27, 21
 11, 27, 23
 11, 27, 24
 11, 27, 34
 11, 28, 13
 11, 28, 16
 11, 28, 18
 11, 28, 20
 11, 28, 21
 11, 28, 23
 11, 28, 33
 11, 28, 34
 11, 30, 13
 11, 30, 18
 11, 30, 20
 11, 30, 21
 11, 30, 23
 11, 30, 33
 11, 30, 34
 11, 33, 13
 11, 33, 16
 11, 33, 18
 11, 33, 20
 11, 33, 21
 11, 33, 23
 11, 33, 24
 11, 33, 26
 11, 33, 28
 11, 33, 30
 11, 33, 34
 11, 34, 13
 11, 34, 16
 11, 34, 18
 11, 34, 20
 11, 34, 21
 11, 34, 24
 11, 34, 26
 11, 34, 27
 11, 34, 28
 11, 34, 30
 11, 34, 33
 12, 13, 19
 12, 13, 20
 12, 13, 23
 12, 13, 28
 12, 13, 29
 12, 13, 30
 12, 13, 31
 12, 13, 32
 12, 13, 33
 12, 13, 34
 12, 16, 17
 12, 16, 18
 12, 16, 23
 12, 16, 24
 12, 16, 28
 12, 16, 31
 12, 16, 32
 12, 16, 33
 12, 16, 34
 12, 17, 16
 12, 17, 20
 12, 17, 23
 12, 17, 24
 12, 17, 26
 12, 17, 27
 12, 17, 28
 12, 17, 29
 12, 17, 31
 12, 17, 32
 12, 17, 33
 12, 17, 34
 12, 18, 16
 12, 18, 20
 12, 18, 26
 12, 18, 28
 12, 18, 29
 12, 18, 30
 12, 18, 31
 12, 18, 32
 12, 18, 33
 12, 18, 34
 12, 19, 13
 12, 19, 20
 12, 19, 23
 12, 19, 28
 12, 19, 30
 12, 19, 31
 12, 19, 32
 12, 19, 33
 12, 19, 34
 12, 20, 13
 12, 20, 17
 12, 20, 18
 12, 20, 19
 12, 20, 23
 12, 20, 26
 12, 20, 28
 12, 20, 29
 12, 20, 30
 12, 20, 31
 12, 20, 32
 12, 20, 33
 12, 20, 34
 12, 23, 13
 12, 23, 16
 12, 23, 17
 12, 23, 19
 12, 23, 20
 12, 23, 24
 12, 23, 26
 12, 23, 27
 12, 23, 28
 12, 23, 30
 12, 23, 31
 12, 23, 32
 12, 23, 33
 12, 24, 16
 12, 24, 17
 12, 24, 23
 12, 24, 26
 12, 24, 27
 12, 24, 31
 12, 24, 32
 12, 24, 33
 12, 24, 34
 12, 26, 17
 12, 26, 18
 12, 26, 20
 12, 26, 23
 12, 26, 24
 12, 26, 33
 12, 26, 34
 12, 27, 17
 12, 27, 23
 12, 27, 24
 12, 27, 34
 12, 28, 13
 12, 28, 16
 12, 28, 17
 12, 28, 18
 12, 28, 19
 12, 28, 20
 12, 28, 23
 12, 28, 29
 12, 28, 31
 12, 28, 32
 12, 28, 33
 12, 28, 34
 12, 29, 13
 12, 29, 17
 12, 29, 18
 12, 29, 20
 12, 29, 28
 12, 29, 30
 12, 29, 31
 12, 29, 32
 12, 29, 33
 12, 29, 34
 12, 30, 13
 12, 30, 18
 12, 30, 19
 12, 30, 20
 12, 30, 23
 12, 30, 29
 12, 30, 31
 12, 30, 32
 12, 30, 33
 12, 30, 34
 12, 31, 13
 12, 31, 16
 12, 31, 17
 12, 31, 18
 12, 31, 19
 12, 31, 20
 12, 31, 23
 12, 31, 24
 12, 31, 28
 12, 31, 29
 12, 31, 30
 12, 31, 32
 12, 31, 33
 12, 31, 34
 12, 32, 13
 12, 32, 16
 12, 32, 17
 12, 32, 18
 12, 32, 19
 12, 32, 20
 12, 32, 23
 12, 32, 24
 12, 32, 28
 12, 32, 29
 12, 32, 30
 12, 32, 31
 12, 32, 33
 12, 32, 34
 12, 33, 13
 12, 33, 16
 12, 33, 17
 12, 33, 18
 12, 33, 19
 12, 33, 20
 12, 33, 23
 12, 33, 24
 12, 33, 26
 12, 33, 28
 12, 33, 29
 12, 33, 30
 12, 33, 31
 12, 33, 32
 12, 33, 34
 12, 34, 13
 12, 34, 16
 12, 34, 17
 12, 34, 18
 12, 34, 19
 12, 34, 20
 12, 34, 24
 12, 34, 26
 12, 34, 27
 12, 34, 28
 12, 34, 29
 12, 34, 30
 12, 34, 31
 12, 34, 32
 12, 34, 33
 13, 14, 15
 13, 14, 19
 13, 14, 20
 13, 14, 23
 13, 14, 28
 13, 14, 31
 13, 14, 32
 13, 14, 34
 13, 15, 14
 13, 15, 19
 13, 15, 20
 13, 15, 21
 13, 15, 22
 13, 15, 23
 13, 15, 25
 13, 15, 28
 13, 15, 30
 13, 15, 31
 13, 15, 33
 13, 19, 14
 13, 19, 15
 13, 19, 20
 13, 19, 23
 13, 19, 28
 13, 19, 30
 13, 19, 31
 13, 19, 32
 13, 19, 33
 13, 19, 34
 13, 20, 14
 13, 20, 15
 13, 20, 19
 13, 20, 21
 13, 20, 22
 13, 20, 23
 13, 20, 25
 13, 20, 28
 13, 20, 29
 13, 20, 30
 13, 20, 31
 13, 20, 32
 13, 20, 33
 13, 20, 34
 13, 21, 15
 13, 21, 20
 13, 21, 23
 13, 21, 28
 13, 21, 29
 13, 21, 30
 13, 21, 31
 13, 21, 32
 13, 21, 33
 13, 21, 34
 13, 22, 15
 13, 22, 20
 13, 22, 31
 13, 22, 32
 13, 23, 14
 13, 23, 15
 13, 23, 19
 13, 23, 20
 13, 23, 21
 13, 23, 28
 13, 23, 30
 13, 23, 31
 13, 23, 32
 13, 23, 33
 13, 25, 15
 13, 25, 20
 13, 25, 32
 13, 28, 14
 13, 28, 15
 13, 28, 19
 13, 28, 20
 13, 28, 21
 13, 28, 23
 13, 28, 29
 13, 28, 31
 13, 28, 32
 13, 28, 33
 13, 28, 34
 13, 29, 20
 13, 29, 21
 13, 29, 28
 13, 29, 30
 13, 29, 31
 13, 29, 32
 13, 29, 33
 13, 29, 34
 13, 30, 15
 13, 30, 19
 13, 30, 20
 13, 30, 21
 13, 30, 23
 13, 30, 29
 13, 30, 31
 13, 30, 32
 13, 30, 33
 13, 30, 34
 13, 31, 14
 13, 31, 15
 13, 31, 19
 13, 31, 20
 13, 31, 21
 13, 31, 22
 13, 31, 23
 13, 31, 28
 13, 31, 29
 13, 31, 30
 13, 31, 32
 13, 31, 33
 13, 31, 34
 13, 32, 14
 13, 32, 19
 13, 32, 20
 13, 32, 21
 13, 32, 22
 13, 32, 23
 13, 32, 25
 13, 32, 28
 13, 32, 29
 13, 32, 30
 13, 32, 31
 13, 32, 33
 13, 32, 34
 13, 33, 15
 13, 33, 19
 13, 33, 20
 13, 33, 21
 13, 33, 23
 13, 33, 28
 13, 33, 29
 13, 33, 30
 13, 33, 31
 13, 33, 32
 13, 33, 34
 13, 34, 14
 13, 34, 19
 13, 34, 20
 13, 34, 21
 13, 34, 28
 13, 34, 29
 13, 34, 30
 13, 34, 31
 13, 34, 32
 13, 34, 33
 14, 15, 16
 14, 15, 19
 14, 15, 20
 14, 15, 23
 14, 15, 24
 14, 15, 27
 14, 15, 28
 14, 15, 31
 14, 16, 15
 14, 16, 23
 14, 16, 24
 14, 16, 28
 14, 16, 31
 14, 16, 32
 14, 16, 34
 14, 16, 36
 14, 19, 15
 14, 19, 20
 14, 19, 23
 14, 19, 28
 14, 19, 31
 14, 19, 32
 14, 19, 34
 14, 20, 15
 14, 20, 19
 14, 20, 23
 14, 20, 26
 14, 20, 28
 14, 20, 31
 14, 20, 32
 14, 20, 34
 14, 20, 36
 14, 23, 15
 14, 23, 16
 14, 23, 19
 14, 23, 20
 14, 23, 24
 14, 23, 26
 14, 23, 27
 14, 23, 28
 14, 23, 31
 14, 23, 32
 14, 24, 15
 14, 24, 16
 14, 24, 23
 14, 24, 26
 14, 24, 27
 14, 24, 31
 14, 24, 32
 14, 24, 34
 14, 26, 20
 14, 26, 23
 14, 26, 24
 14, 26, 34
 14, 27, 15
 14, 27, 23
 14, 27, 24
 14, 27, 34
 14, 28, 15
 14, 28, 16
 14, 28, 19
 14, 28, 20
 14, 28, 23
 14, 28, 31
 14, 28, 32
 14, 28, 34
 14, 31, 15
 14, 31, 16
 14, 31, 19
 14, 31, 20
 14, 31, 23
 14, 31, 24
 14, 31, 28
 14, 31, 32
 14, 31, 34
 14, 31, 36
 14, 32, 16
 14, 32, 19
 14, 32, 20
 14, 32, 23
 14, 32, 24
 14, 32, 28
 14, 32, 31
 14, 32, 34
 14, 32, 36
 14, 34, 16
 14, 34, 19
 14, 34, 20
 14, 34, 24
 14, 34, 26
 14, 34, 27
 14, 34, 28
 14, 34, 31
 14, 34, 32
 14, 36, 16
 14, 36, 20
 14, 36, 31
 14, 36, 32
 15, 16, 17
 15, 16, 18
 15, 16, 23
 15, 16, 24
 15, 16, 28
 15, 16, 31
 15, 16, 33
 15, 17, 16
 15, 17, 20
 15, 17, 22
 15, 17, 23
 15, 17, 24
 15, 17, 25
 15, 17, 27
 15, 17, 28
 15, 17, 31
 15, 17, 33
 15, 18, 16
 15, 18, 20
 15, 18, 21
 15, 18, 28
 15, 18, 30
 15, 18, 31
 15, 18, 33
 15, 19, 20
 15, 19, 23
 15, 19, 28
 15, 19, 30
 15, 19, 31
 15, 19, 33
 15, 20, 17
 15, 20, 18
 15, 20, 19
 15, 20, 21
 15, 20, 22
 15, 20, 23
 15, 20, 25
 15, 20, 28
 15, 20, 30
 15, 20, 31
 15, 20, 33
 15, 21, 18
 15, 21, 20
 15, 21, 23
 15, 21, 24
 15, 21, 27
 15, 21, 28
 15, 21, 30
 15, 21, 31
 15, 21, 33
 15, 22, 17
 15, 22, 20
 15, 22, 31
 15, 23, 16
 15, 23, 17
 15, 23, 19
 15, 23, 20
 15, 23, 21
 15, 23, 24
 15, 23, 27
 15, 23, 28
 15, 23, 30
 15, 23, 31
 15, 23, 33
 15, 24, 16
 15, 24, 17
 15, 24, 21
 15, 24, 23
 15, 24, 27
 15, 24, 31
 15, 24, 33
 15, 25, 17
 15, 25, 20
 15, 27, 17
 15, 27, 21
 15, 27, 23
 15, 27, 24
 15, 28, 16
 15, 28, 17
 15, 28, 18
 15, 28, 19
 15, 28, 20
 15, 28, 21
 15, 28, 23
 15, 28, 31
 15, 28, 33
 15, 30, 18
 15, 30, 19
 15, 30, 20
 15, 30, 21
 15, 30, 23
 15, 30, 31
 15, 30, 33
 15, 31, 16
 15, 31, 17
 15, 31, 18
 15, 31, 19
 15, 31, 20
 15, 31, 21
 15, 31, 22
 15, 31, 23
 15, 31, 24
 15, 31, 28
 15, 31, 30
 15, 31, 33
 15, 33, 16
 15, 33, 17
 15, 33, 18
 15, 33, 19
 15, 33, 20
 15, 33, 21
 15, 33, 23
 15, 33, 24
 15, 33, 28
 15, 33, 30
 15, 33, 31
 16, 17, 23
 16, 17, 24
 16, 17, 28
 16, 17, 31
 16, 17, 32
 16, 17, 33
 16, 17, 34
 16, 18, 28
 16, 18, 31
 16, 18, 32
 16, 18, 33
 16, 18, 34
 16, 23, 17
 16, 23, 24
 16, 23, 28
 16, 23, 31
 16, 23, 32
 16, 23, 33
 16, 24, 17
 16, 24, 23
 16, 24, 31
 16, 24, 32
 16, 24, 33
 16, 24, 34
 16, 28, 17
 16, 28, 18
 16, 28, 23
 16, 28, 31
 16, 28, 32
 16, 28, 33
 16, 28, 34
 16, 31, 17
 16, 31, 18
 16, 31, 23
 16, 31, 24
 16, 31, 28
 16, 31, 32
 16, 31, 33
 16, 31, 34
 16, 31, 36
 16, 32, 17
 16, 32, 18
 16, 32, 23
 16, 32, 24
 16, 32, 28
 16, 32, 31
 16, 32, 33
 16, 32, 34
 16, 32, 36
 16, 33, 17
 16, 33, 18
 16, 33, 23
 16, 33, 24
 16, 33, 28
 16, 33, 31
 16, 33, 32
 16, 33, 34
 16, 34, 17
 16, 34, 18
 16, 34, 24
 16, 34, 28
 16, 34, 31
 16, 34, 32
 16, 34, 33
 16, 36, 31
 16, 36, 32
 17, 20, 22
 17, 20, 23
 17, 20, 25
 17, 20, 26
 17, 20, 28
 17, 20, 29
 17, 20, 31
 17, 20, 32
 17, 20, 33
 17, 20, 34
 17, 22, 20
 17, 22, 31
 17, 22, 32
 17, 23, 20
 17, 23, 24
 17, 23, 26
 17, 23, 27
 17, 23, 28
 17, 23, 31
 17, 23, 32
 17, 23, 33
 17, 24, 23
 17, 24, 26
 17, 24, 27
 17, 24, 31
 17, 24, 32
 17, 24, 33
 17, 24, 34
 17, 25, 20
 17, 25, 32
 17, 26, 20
 17, 26, 23
 17, 26, 24
 17, 26, 33
 17, 26, 34
 17, 27, 23
 17, 27, 24
 17, 27, 34
 17, 28, 20
 17, 28, 23
 17, 28, 29
 17, 28, 31
 17, 28, 32
 17, 28, 33
 17, 28, 34
 17, 29, 20
 17, 29, 28
 17, 29, 31
 17, 29, 32
 17, 29, 33
 17, 29, 34
 17, 31, 20
 17, 31, 22
 17, 31, 23
 17, 31, 24
 17, 31, 28
 17, 31, 29
 17, 31, 32
 17, 31, 33
 17, 31, 34
 17, 32, 20
 17, 32, 22
 17, 32, 23
 17, 32, 24
 17, 32, 25
 17, 32, 28
 17, 32, 29
 17, 32, 31
 17, 32, 33
 17, 32, 34
 17, 33, 20
 17, 33, 23
 17, 33, 24
 17, 33, 26
 17, 33, 28
 17, 33, 29
 17, 33, 31
 17, 33, 32
 17, 33, 34
 17, 34, 20
 17, 34, 24
 17, 34, 26
 17, 34, 27
 17, 34, 28
 17, 34, 29
 17, 34, 31
 17, 34, 32
 17, 34, 33
 18, 20, 21
 18, 20, 26
 18, 20, 28
 18, 20, 29
 18, 20, 30
 18, 20, 31
 18, 20, 32
 18, 20, 33
 18, 20, 34
 18, 21, 20
 18, 21, 26
 18, 21, 28
 18, 21, 29
 18, 21, 30
 18, 21, 31
 18, 21, 32
 18, 21, 33
 18, 21, 34
 18, 26, 20
 18, 26, 21
 18, 26, 33
 18, 26, 34
 18, 28, 20
 18, 28, 21
 18, 28, 29
 18, 28, 31
 18, 28, 32
 18, 28, 33
 18, 28, 34
 18, 29, 20
 18, 29, 21
 18, 29, 28
 18, 29, 30
 18, 29, 31
 18, 29, 32
 18, 29, 33
 18, 29, 34
 18, 30, 20
 18, 30, 21
 18, 30, 29
 18, 30, 31
 18, 30, 32
 18, 30, 33
 18, 30, 34
 18, 31, 20
 18, 31, 21
 18, 31, 28
 18, 31, 29
 18, 31, 30
 18, 31, 32
 18, 31, 33
 18, 31, 34
 18, 32, 20
 18, 32, 21
 18, 32, 28
 18, 32, 29
 18, 32, 30
 18, 32, 31
 18, 32, 33
 18, 32, 34
 18, 33, 20
 18, 33, 21
 18, 33, 26
 18, 33, 28
 18, 33, 29
 18, 33, 30
 18, 33, 31
 18, 33, 32
 18, 33, 34
 18, 34, 20
 18, 34, 21
 18, 34, 26
 18, 34, 28
 18, 34, 29
 18, 34, 30
 18, 34, 31
 18, 34, 32
 18, 34, 33
 19, 20, 23
 19, 20, 28
 19, 20, 30
 19, 20, 31
 19, 20, 32
 19, 20, 33
 19, 20, 34
 19, 23, 20
 19, 23, 28
 19, 23, 30
 19, 23, 31
 19, 23, 32
 19, 23, 33
 19, 28, 20
 19, 28, 23
 19, 28, 31
 19, 28, 32
 19, 28, 33
 19, 28, 34
 19, 30, 20
 19, 30, 23
 19, 30, 31
 19, 30, 32
 19, 30, 33
 19, 30, 34
 19, 31, 20
 19, 31, 23
 19, 31, 28
 19, 31, 30
 19, 31, 32
 19, 31, 33
 19, 31, 34
 19, 32, 20
 19, 32, 23
 19, 32, 28
 19, 32, 30
 19, 32, 31
 19, 32, 33
 19, 32, 34
 19, 33, 20
 19, 33, 23
 19, 33, 28
 19, 33, 30
 19, 33, 31
 19, 33, 32
 19, 33, 34
 19, 34, 20
 19, 34, 28
 19, 34, 30
 19, 34, 31
 19, 34, 32
 19, 34, 33
 20, 21, 23
 20, 21, 26
 20, 21, 28
 20, 21, 29
 20, 21, 30
 20, 21, 31
 20, 21, 32
 20, 21, 33
 20, 21, 34
 20, 22, 31
 20, 22, 32
 20, 23, 21
 20, 23, 26
 20, 23, 28
 20, 23, 30
 20, 23, 31
 20, 23, 32
 20, 23, 33
 20, 25, 32
 20, 26, 21
 20, 26, 23
 20, 26, 33
 20, 26, 34
 20, 28, 21
 20, 28, 23
 20, 28, 29
 20, 28, 31
 20, 28, 32
 20, 28, 33
 20, 28, 34
 20, 29, 21
 20, 29, 28
 20, 29, 30
 20, 29, 31
 20, 29, 32
 20, 29, 33
 20, 29, 34
 20, 29, 36
 20, 30, 21
 20, 30, 23
 20, 30, 29
 20, 30, 31
 20, 30, 32
 20, 30, 33
 20, 30, 34
 20, 31, 21
 20, 31, 22
 20, 31, 23
 20, 31, 28
 20, 31, 29
 20, 31, 30
 20, 31, 32
 20, 31, 33
 20, 31, 34
 20, 31, 36
 20, 32, 21
 20, 32, 22
 20, 32, 23
 20, 32, 25
 20, 32, 28
 20, 32, 29
 20, 32, 30
 20, 32, 31
 20, 32, 33
 20, 32, 34
 20, 32, 36
 20, 33, 21
 20, 33, 23
 20, 33, 26
 20, 33, 28
 20, 33, 29
 20, 33, 30
 20, 33, 31
 20, 33, 32
 20, 33, 34
 20, 34, 21
 20, 34, 26
 20, 34, 28
 20, 34, 29
 20, 34, 30
 20, 34, 31
 20, 34, 32
 20, 34, 33
 20, 36, 29
 20, 36, 31
 20, 36, 32
 21, 23, 24
 21, 23, 26
 21, 23, 27
 21, 23, 28
 21, 23, 30
 21, 23, 31
 21, 23, 32
 21, 23, 33
 21, 24, 23
 21, 24, 26
 21, 24, 27
 21, 24, 31
 21, 24, 32
 21, 24, 33
 21, 24, 34
 21, 26, 23
 21, 26, 24
 21, 26, 33
 21, 26, 34
 21, 27, 23
 21, 27, 24
 21, 27, 34
 21, 28, 23
 21, 28, 29
 21, 28, 31
 21, 28, 32
 21, 28, 33
 21, 28, 34
 21, 29, 28
 21, 29, 30
 21, 29, 31
 21, 29, 32
 21, 29, 33
 21, 29, 34
 21, 30, 23
 21, 30, 29
 21, 30, 31
 21, 30, 32
 21, 30, 33
 21, 30, 34
 21, 31, 23
 21, 31, 24
 21, 31, 28
 21, 31, 29
 21, 31, 30
 21, 31, 32
 21, 31, 33
 21, 31, 34
 21, 32, 23
 21, 32, 24
 21, 32, 28
 21, 32, 29
 21, 32, 30
 21, 32, 31
 21, 32, 33
 21, 32, 34
 21, 33, 23
 21, 33, 24
 21, 33, 26
 21, 33, 28
 21, 33, 29
 21, 33, 30
 21, 33, 31
 21, 33, 32
 21, 33, 34
 21, 34, 24
 21, 34, 26
 21, 34, 27
 21, 34, 28
 21, 34, 29
 21, 34, 30
 21, 34, 31
 21, 34, 32
 21, 34, 33
 22, 31, 32
 22, 32, 31
 23, 24, 26
 23, 24, 27
 23, 24, 31
 23, 24, 32
 23, 24, 33
 23, 26, 24
 23, 26, 33
 23, 27, 24
 23, 28, 31
 23, 28, 32
 23, 28, 33
 23, 30, 31
 23, 30, 32
 23, 30, 33
 23, 31, 24
 23, 31, 28
 23, 31, 30
 23, 31, 32
 23, 31, 33
 23, 32, 24
 23, 32, 28
 23, 32, 30
 23, 32, 31
 23, 32, 33
 23, 33, 24
 23, 33, 26
 23, 33, 28
 23, 33, 30
 23, 33, 31
 23, 33, 32
 24, 26, 33
 24, 26, 34
 24, 27, 34
 24, 31, 32
 24, 31, 33
 24, 31, 34
 24, 32, 31
 24, 32, 33
 24, 32, 34
 24, 33, 26
 24, 33, 31
 24, 33, 32
 24, 33, 34
 24, 34, 26
 24, 34, 27
 24, 34, 31
 24, 34, 32
 24, 34, 33
 26, 33, 34
 26, 34, 33
 28, 29, 31
 28, 29, 32
 28, 29, 33
 28, 29, 34
 28, 31, 29
 28, 31, 32
 28, 31, 33
 28, 31, 34
 28, 32, 29
 28, 32, 31
 28, 32, 33
 28, 32, 34
 28, 32, 35
 28, 33, 29
 28, 33, 31
 28, 33, 32
 28, 33, 34
 28, 33, 35
 28, 34, 29
 28, 34, 31
 28, 34, 32
 28, 34, 33
 28, 34, 35
 28, 35, 32
 28, 35, 33
 28, 35, 34
 29, 30, 31
 29, 30, 32
 29, 30, 33
 29, 30, 34
 29, 31, 30
 29, 31, 32
 29, 31, 33
 29, 31, 34
 29, 31, 36
 29, 32, 30
 29, 32, 31
 29, 32, 33
 29, 32, 34
 29, 32, 36
 29, 33, 30
 29, 33, 31
 29, 33, 32
 29, 33, 34
 29, 34, 30
 29, 34, 31
 29, 34, 32
 29, 34, 33
 29, 36, 31
 29, 36, 32
 30, 31, 32
 30, 31, 33
 30, 31, 34
 30, 32, 31
 30, 32, 33
 30, 32, 34
 30, 33, 31
 30, 33, 32
 30, 33, 34
 30, 34, 31
 30, 34, 32
 30, 34, 33
 31, 32, 33
 31, 32, 34
 31, 32, 36
 31, 33, 32
 31, 33, 34
 31, 34, 32
 31, 34, 33
 31, 36, 32
 32, 33, 34
 32, 33, 35
 32, 34, 33
 32, 34, 35
 32, 35, 33
 32, 35, 34
 33, 34, 35
 33, 35, 34
