0, 2, 6
 0, 2, 10
 0, 2, 11
 0, 2, 12
 0, 2, 13
 0, 2, 14
 0, 2, 16
 0, 2, 17
 0, 2, 18
 0, 2, 19
 0, 2, 20
 0, 2, 21
 0, 2, 22
 0, 2, 23
 0, 2, 24
 0, 2, 25
 0, 2, 26
 0, 2, 27
 0, 2, 28
 0, 2, 29
 0, 2, 32
 0, 2, 34
 0, 6, 2
 0, 6, 11
 0, 6, 12
 0, 6, 14
 0, 6, 16
 0, 6, 18
 0, 6, 19
 0, 6, 20
 0, 6, 21
 0, 6, 23
 0, 6, 24
 0, 6, 25
 0, 6, 26
 0, 6, 27
 0, 6, 28
 0, 6, 29
 0, 6, 31
 0, 6, 32
 0, 6, 33
 0, 6, 34
 0, 6, 35
 0, 6, 36
 0, 10, 2
 0, 10, 11
 0, 10, 14
 0, 10, 18
 0, 10, 21
 0, 10, 22
 0, 10, 24
 0, 10, 25
 0, 10, 27
 0, 10, 28
 0, 10, 29
 0, 10, 31
 0, 10, 32
 0, 10, 33
 0, 10, 35
 0, 11, 2
 0, 11, 6
 0, 11, 10
 0, 11, 12
 0, 11, 13
 0, 11, 14
 0, 11, 18
 0, 11, 19
 0, 11, 21
 0, 11, 22
 0, 11, 24
 0, 11, 25
 0, 11, 28
 0, 11, 29
 0, 11, 32
 0, 11, 33
 0, 11, 34
 0, 12, 2
 0, 12, 6
 0, 12, 11
 0, 12, 13
 0, 12, 14
 0, 12, 18
 0, 12, 24
 0, 12, 25
 0, 12, 27
 0, 12, 28
 0, 12, 29
 0, 12, 31
 0, 12, 32
 0, 12, 33
 0, 12, 35
 0, 12, 36
 0, 13, 2
 0, 13, 11
 0, 13, 12
 0, 13, 16
 0, 13, 18
 0, 13, 19
 0, 13, 20
 0, 13, 21
 0, 13, 23
 0, 13, 24
 0, 13, 25
 0, 13, 26
 0, 13, 33
 0, 13, 34
 0, 14, 2
 0, 14, 6
 0, 14, 10
 0, 14, 11
 0, 14, 12
 0, 14, 16
 0, 14, 18
 0, 14, 24
 0, 14, 28
 0, 14, 29
 0, 14, 32
 0, 16, 2
 0, 16, 6
 0, 16, 13
 0, 16, 14
 0, 16, 18
 0, 16, 20
 0, 16, 21
 0, 16, 22
 0, 16, 24
 0, 16, 25
 0, 16, 26
 0, 16, 27
 0, 16, 28
 0, 16, 29
 0, 16, 31
 0, 16, 32
 0, 16, 35
 0, 16, 36
 0, 17, 2
 0, 17, 24
 0, 17, 27
 0, 17, 28
 0, 17, 29
 0, 17, 32
 0, 17, 33
 0, 17, 35
 0, 18, 2
 0, 18, 6
 0, 18, 10
 0, 18, 11
 0, 18, 12
 0, 18, 13
 0, 18, 14
 0, 18, 16
 0, 18, 19
 0, 18, 20
 0, 18, 21
 0, 18, 24
 0, 18, 25
 0, 18, 26
 0, 18, 28
 0, 18, 29
 0, 18, 32
 0, 18, 33
 0, 18, 34
 0, 18, 35
 0, 18, 36
 0, 19, 2
 0, 19, 6
 0, 19, 11
 0, 19, 13
 0, 19, 18
 0, 20, 2
 0, 20, 6
 0, 20, 13
 0, 20, 16
 0, 20, 18
 0, 20, 29
 0, 20, 32
 0, 20, 33
 0, 21, 2
 0, 21, 6
 0, 21, 10
 0, 21, 11
 0, 21, 13
 0, 21, 16
 0, 21, 18
 0, 21, 24
 0, 21, 27
 0, 21, 28
 0, 21, 29
 0, 21, 31
 0, 21, 32
 0, 21, 33
 0, 21, 35
 0, 22, 2
 0, 22, 10
 0, 22, 11
 0, 22, 16
 0, 22, 27
 0, 22, 28
 0, 22, 29
 0, 22, 32
 0, 23, 2
 0, 23, 6
 0, 23, 13
 0, 23, 28
 0, 23, 29
 0, 23, 32
 0, 23, 33
 0, 24, 2
 0, 24, 6
 0, 24, 10
 0, 24, 11
 0, 24, 12
 0, 24, 13
 0, 24, 14
 0, 24, 16
 0, 24, 17
 0, 24, 18
 0, 24, 21
 0, 24, 25
 0, 24, 27
 0, 24, 28
 0, 24, 29
 0, 24, 32
 0, 24, 33
 0, 25, 2
 0, 25, 6
 0, 25, 10
 0, 25, 11
 0, 25, 12
 0, 25, 13
 0, 25, 16
 0, 25, 18
 0, 25, 24
 0, 25, 27
 0, 25, 28
 0, 25, 29
 0, 25, 32
 0, 25, 35
 0, 25, 36
 0, 26, 2
 0, 26, 6
 0, 26, 13
 0, 26, 16
 0, 26, 18
 0, 26, 29
 0, 26, 32
 0, 26, 33
 0, 27, 2
 0, 27, 6
 0, 27, 10
 0, 27, 12
 0, 27, 16
 0, 27, 17
 0, 27, 21
 0, 27, 22
 0, 27, 24
 0, 27, 25
 0, 27, 28
 0, 27, 29
 0, 27, 31
 0, 27, 32
 0, 27, 33
 0, 27, 35
 0, 27, 36
 0, 28, 2
 0, 28, 6
 0, 28, 10
 0, 28, 11
 0, 28, 12
 0, 28, 14
 0, 28, 16
 0, 28, 17
 0, 28, 18
 0, 28, 21
 0, 28, 22
 0, 28, 23
 0, 28, 24
 0, 28, 25
 0, 28, 27
 0, 28, 29
 0, 28, 31
 0, 28, 32
 0, 28, 35
 0, 29, 2
 0, 29, 6
 0, 29, 10
 0, 29, 11
 0, 29, 12
 0, 29, 14
 0, 29, 16
 0, 29, 17
 0, 29, 18
 0, 29, 20
 0, 29, 21
 0, 29, 22
 0, 29, 23
 0, 29, 24
 0, 29, 25
 0, 29, 26
 0, 29, 27
 0, 29, 28
 0, 29, 31
 0, 29, 32
 0, 29, 35
 0, 31, 6
 0, 31, 10
 0, 31, 12
 0, 31, 16
 0, 31, 21
 0, 31, 27
 0, 31, 28
 0, 31, 29
 0, 31, 33
 0, 32, 2
 0, 32, 6
 0, 32, 10
 0, 32, 11
 0, 32, 12
 0, 32, 14
 0, 32, 16
 0, 32, 17
 0, 32, 18
 0, 32, 20
 0, 32, 21
 0, 32, 22
 0, 32, 23
 0, 32, 24
 0, 32, 25
 0, 32, 26
 0, 32, 27
 0, 32, 28
 0, 32, 29
 0, 32, 35
 0, 33, 6
 0, 33, 10
 0, 33, 11
 0, 33, 12
 0, 33, 13
 0, 33, 17
 0, 33, 18
 0, 33, 20
 0, 33, 21
 0, 33, 23
 0, 33, 24
 0, 33, 26
 0, 33, 27
 0, 33, 31
 0, 34, 2
 0, 34, 6
 0, 34, 11
 0, 34, 13
 0, 34, 18
 0, 35, 6
 0, 35, 10
 0, 35, 12
 0, 35, 16
 0, 35, 17
 0, 35, 18
 0, 35, 21
 0, 35, 25
 0, 35, 27
 0, 35, 28
 0, 35, 29
 0, 35, 32
 0, 36, 6
 0, 36, 12
 0, 36, 16
 0, 36, 18
 0, 36, 25
 0, 36, 27
 1, 6, 9
 1, 6, 12
 1, 6, 14
 1, 6, 16
 1, 6, 18
 1, 6, 19
 1, 6, 20
 1, 6, 21
 1, 6, 23
 1, 6, 24
 1, 6, 25
 1, 6, 26
 1, 6, 27
 1, 6, 28
 1, 6, 29
 1, 6, 32
 1, 6, 33
 1, 6, 34
 1, 9, 6
 1, 9, 12
 1, 9, 15
 1, 9, 17
 1, 9, 18
 1, 9, 19
 1, 9, 20
 1, 9, 21
 1, 9, 22
 1, 9, 23
 1, 9, 24
 1, 9, 25
 1, 9, 26
 1, 9, 29
 1, 9, 32
 1, 9, 33
 1, 9, 34
 1, 12, 6
 1, 12, 9
 1, 12, 14
 1, 12, 18
 1, 12, 24
 1, 12, 25
 1, 12, 27
 1, 12, 28
 1, 12, 29
 1, 12, 32
 1, 12, 33
 1, 14, 6
 1, 14, 12
 1, 14, 16
 1, 14, 18
 1, 14, 24
 1, 14, 28
 1, 14, 29
 1, 14, 32
 1, 15, 9
 1, 15, 18
 1, 15, 20
 1, 15, 24
 1, 15, 26
 1, 15, 28
 1, 15, 29
 1, 15, 33
 1, 16, 6
 1, 16, 14
 1, 16, 18
 1, 16, 20
 1, 16, 21
 1, 16, 22
 1, 16, 24
 1, 16, 25
 1, 16, 26
 1, 16, 27
 1, 16, 28
 1, 16, 29
 1, 16, 32
 1, 17, 9
 1, 17, 24
 1, 17, 27
 1, 17, 28
 1, 17, 29
 1, 17, 32
 1, 17, 33
 1, 18, 6
 1, 18, 9
 1, 18, 12
 1, 18, 14
 1, 18, 15
 1, 18, 16
 1, 18, 19
 1, 18, 20
 1, 18, 21
 1, 18, 24
 1, 18, 25
 1, 18, 26
 1, 18, 28
 1, 18, 29
 1, 18, 32
 1, 18, 33
 1, 18, 34
 1, 19, 6
 1, 19, 9
 1, 19, 18
 1, 20, 6
 1, 20, 9
 1, 20, 15
 1, 20, 16
 1, 20, 18
 1, 20, 29
 1, 20, 32
 1, 20, 33
 1, 21, 6
 1, 21, 9
 1, 21, 16
 1, 21, 18
 1, 21, 24
 1, 21, 27
 1, 21, 28
 1, 21, 29
 1, 21, 32
 1, 21, 33
 1, 22, 9
 1, 22, 16
 1, 22, 27
 1, 22, 28
 1, 22, 29
 1, 22, 32
 1, 23, 6
 1, 23, 9
 1, 23, 28
 1, 23, 29
 1, 23, 32
 1, 23, 33
 1, 24, 6
 1, 24, 9
 1, 24, 12
 1, 24, 14
 1, 24, 15
 1, 24, 16
 1, 24, 17
 1, 24, 18
 1, 24, 21
 1, 24, 25
 1, 24, 27
 1, 24, 28
 1, 24, 29
 1, 24, 32
 1, 24, 33
 1, 25, 6
 1, 25, 9
 1, 25, 12
 1, 25, 16
 1, 25, 18
 1, 25, 24
 1, 25, 27
 1, 25, 28
 1, 25, 29
 1, 25, 32
 1, 26, 6
 1, 26, 9
 1, 26, 15
 1, 26, 16
 1, 26, 18
 1, 26, 29
 1, 26, 32
 1, 26, 33
 1, 27, 6
 1, 27, 12
 1, 27, 16
 1, 27, 17
 1, 27, 21
 1, 27, 22
 1, 27, 24
 1, 27, 25
 1, 27, 28
 1, 27, 29
 1, 27, 32
 1, 27, 33
 1, 28, 6
 1, 28, 12
 1, 28, 14
 1, 28, 15
 1, 28, 16
 1, 28, 17
 1, 28, 18
 1, 28, 21
 1, 28, 22
 1, 28, 23
 1, 28, 24
 1, 28, 25
 1, 28, 27
 1, 28, 29
 1, 28, 32
 1, 29, 6
 1, 29, 9
 1, 29, 12
 1, 29, 14
 1, 29, 15
 1, 29, 16
 1, 29, 17
 1, 29, 18
 1, 29, 20
 1, 29, 21
 1, 29, 22
 1, 29, 23
 1, 29, 24
 1, 29, 25
 1, 29, 26
 1, 29, 27
 1, 29, 28
 1, 29, 32
 1, 32, 6
 1, 32, 9
 1, 32, 12
 1, 32, 14
 1, 32, 16
 1, 32, 17
 1, 32, 18
 1, 32, 20
 1, 32, 21
 1, 32, 22
 1, 32, 23
 1, 32, 24
 1, 32, 25
 1, 32, 26
 1, 32, 27
 1, 32, 28
 1, 32, 29
 1, 33, 6
 1, 33, 9
 1, 33, 12
 1, 33, 15
 1, 33, 17
 1, 33, 18
 1, 33, 20
 1, 33, 21
 1, 33, 23
 1, 33, 24
 1, 33, 26
 1, 33, 27
 1, 34, 6
 1, 34, 9
 1, 34, 18
 2, 3, 6
 2, 3, 9
 2, 3, 10
 2, 3, 12
 2, 3, 14
 2, 3, 18
 2, 3, 19
 2, 3, 20
 2, 3, 21
 2, 3, 23
 2, 3, 24
 2, 3, 25
 2, 3, 26
 2, 3, 27
 2, 3, 28
 2, 3, 29
 2, 3, 34
 2, 6, 3
 2, 6, 9
 2, 6, 11
 2, 6, 12
 2, 6, 14
 2, 6, 16
 2, 6, 18
 2, 6, 19
 2, 6, 20
 2, 6, 21
 2, 6, 23
 2, 6, 24
 2, 6, 25
 2, 6, 26
 2, 6, 27
 2, 6, 28
 2, 6, 29
 2, 6, 32
 2, 6, 34
 2, 9, 3
 2, 9, 6
 2, 9, 12
 2, 9, 13
 2, 9, 15
 2, 9, 17
 2, 9, 18
 2, 9, 19
 2, 9, 20
 2, 9, 21
 2, 9, 22
 2, 9, 23
 2, 9, 24
 2, 9, 25
 2, 9, 26
 2, 9, 29
 2, 9, 32
 2, 9, 34
 2, 10, 3
 2, 10, 11
 2, 10, 14
 2, 10, 18
 2, 10, 21
 2, 10, 22
 2, 10, 24
 2, 10, 25
 2, 10, 27
 2, 10, 28
 2, 10, 29
 2, 10, 32
 2, 11, 6
 2, 11, 10
 2, 11, 12
 2, 11, 13
 2, 11, 14
 2, 11, 15
 2, 11, 18
 2, 11, 19
 2, 11, 21
 2, 11, 22
 2, 11, 24
 2, 11, 25
 2, 11, 28
 2, 11, 29
 2, 11, 32
 2, 11, 34
 2, 12, 3
 2, 12, 6
 2, 12, 9
 2, 12, 11
 2, 12, 13
 2, 12, 14
 2, 12, 18
 2, 12, 24
 2, 12, 25
 2, 12, 27
 2, 12, 28
 2, 12, 29
 2, 12, 32
 2, 13, 9
 2, 13, 11
 2, 13, 12
 2, 13, 15
 2, 13, 16
 2, 13, 18
 2, 13, 19
 2, 13, 20
 2, 13, 21
 2, 13, 23
 2, 13, 24
 2, 13, 25
 2, 13, 26
 2, 13, 34
 2, 14, 3
 2, 14, 6
 2, 14, 10
 2, 14, 11
 2, 14, 12
 2, 14, 16
 2, 14, 18
 2, 14, 24
 2, 14, 28
 2, 14, 29
 2, 14, 32
 2, 15, 9
 2, 15, 11
 2, 15, 13
 2, 15, 18
 2, 15, 20
 2, 15, 24
 2, 15, 26
 2, 15, 28
 2, 15, 29
 2, 16, 6
 2, 16, 13
 2, 16, 14
 2, 16, 18
 2, 16, 20
 2, 16, 21
 2, 16, 22
 2, 16, 24
 2, 16, 25
 2, 16, 26
 2, 16, 27
 2, 16, 28
 2, 16, 29
 2, 16, 32
 2, 17, 9
 2, 17, 24
 2, 17, 27
 2, 17, 28
 2, 17, 29
 2, 17, 32
 2, 18, 3
 2, 18, 6
 2, 18, 9
 2, 18, 10
 2, 18, 11
 2, 18, 12
 2, 18, 13
 2, 18, 14
 2, 18, 15
 2, 18, 16
 2, 18, 19
 2, 18, 20
 2, 18, 21
 2, 18, 24
 2, 18, 25
 2, 18, 26
 2, 18, 28
 2, 18, 29
 2, 18, 32
 2, 18, 34
 2, 19, 3
 2, 19, 6
 2, 19, 9
 2, 19, 11
 2, 19, 13
 2, 19, 18
 2, 20, 3
 2, 20, 6
 2, 20, 9
 2, 20, 13
 2, 20, 15
 2, 20, 16
 2, 20, 18
 2, 20, 29
 2, 20, 32
 2, 21, 3
 2, 21, 6
 2, 21, 9
 2, 21, 10
 2, 21, 11
 2, 21, 13
 2, 21, 16
 2, 21, 18
 2, 21, 24
 2, 21, 27
 2, 21, 28
 2, 21, 29
 2, 21, 32
 2, 22, 9
 2, 22, 10
 2, 22, 11
 2, 22, 16
 2, 22, 27
 2, 22, 28
 2, 22, 29
 2, 22, 32
 2, 23, 3
 2, 23, 6
 2, 23, 9
 2, 23, 13
 2, 23, 28
 2, 23, 29
 2, 23, 32
 2, 24, 3
 2, 24, 6
 2, 24, 9
 2, 24, 10
 2, 24, 11
 2, 24, 12
 2, 24, 13
 2, 24, 14
 2, 24, 15
 2, 24, 16
 2, 24, 17
 2, 24, 18
 2, 24, 21
 2, 24, 25
 2, 24, 27
 2, 24, 28
 2, 24, 29
 2, 24, 32
 2, 25, 3
 2, 25, 6
 2, 25, 9
 2, 25, 10
 2, 25, 11
 2, 25, 12
 2, 25, 13
 2, 25, 16
 2, 25, 18
 2, 25, 24
 2, 25, 27
 2, 25, 28
 2, 25, 29
 2, 25, 32
 2, 26, 3
 2, 26, 6
 2, 26, 9
 2, 26, 13
 2, 26, 15
 2, 26, 16
 2, 26, 18
 2, 26, 29
 2, 26, 32
 2, 27, 3
 2, 27, 6
 2, 27, 10
 2, 27, 12
 2, 27, 16
 2, 27, 17
 2, 27, 21
 2, 27, 22
 2, 27, 24
 2, 27, 25
 2, 27, 28
 2, 27, 29
 2, 27, 32
 2, 28, 3
 2, 28, 6
 2, 28, 10
 2, 28, 11
 2, 28, 12
 2, 28, 14
 2, 28, 15
 2, 28, 16
 2, 28, 17
 2, 28, 18
 2, 28, 21
 2, 28, 22
 2, 28, 23
 2, 28, 24
 2, 28, 25
 2, 28, 27
 2, 28, 29
 2, 28, 32
 2, 29, 3
 2, 29, 6
 2, 29, 9
 2, 29, 10
 2, 29, 11
 2, 29, 12
 2, 29, 14
 2, 29, 15
 2, 29, 16
 2, 29, 17
 2, 29, 18
 2, 29, 20
 2, 29, 21
 2, 29, 22
 2, 29, 23
 2, 29, 24
 2, 29, 25
 2, 29, 26
 2, 29, 27
 2, 29, 28
 2, 29, 32
 2, 32, 6
 2, 32, 9
 2, 32, 10
 2, 32, 11
 2, 32, 12
 2, 32, 14
 2, 32, 16
 2, 32, 17
 2, 32, 18
 2, 32, 20
 2, 32, 21
 2, 32, 22
 2, 32, 23
 2, 32, 24
 2, 32, 25
 2, 32, 26
 2, 32, 27
 2, 32, 28
 2, 32, 29
 2, 34, 3
 2, 34, 6
 2, 34, 9
 2, 34, 11
 2, 34, 13
 2, 34, 18
 3, 6, 9
 3, 6, 12
 3, 6, 14
 3, 6, 18
 3, 6, 19
 3, 6, 20
 3, 6, 21
 3, 6, 23
 3, 6, 24
 3, 6, 25
 3, 6, 26
 3, 6, 27
 3, 6, 28
 3, 6, 29
 3, 6, 31
 3, 6, 34
 3, 9, 6
 3, 9, 12
 3, 9, 18
 3, 9, 19
 3, 9, 20
 3, 9, 21
 3, 9, 23
 3, 9, 24
 3, 9, 25
 3, 9, 26
 3, 9, 29
 3, 9, 31
 3, 9, 34
 3, 10, 14
 3, 10, 18
 3, 10, 21
 3, 10, 24
 3, 10, 25
 3, 10, 27
 3, 10, 28
 3, 10, 29
 3, 10, 31
 3, 12, 6
 3, 12, 9
 3, 12, 14
 3, 12, 18
 3, 12, 24
 3, 12, 25
 3, 12, 27
 3, 12, 28
 3, 12, 29
 3, 12, 31
 3, 14, 6
 3, 14, 10
 3, 14, 12
 3, 14, 18
 3, 14, 24
 3, 14, 28
 3, 14, 29
 3, 18, 6
 3, 18, 9
 3, 18, 10
 3, 18, 12
 3, 18, 14
 3, 18, 19
 3, 18, 20
 3, 18, 21
 3, 18, 24
 3, 18, 25
 3, 18, 26
 3, 18, 28
 3, 18, 29
 3, 18, 34
 3, 19, 6
 3, 19, 9
 3, 19, 18
 3, 20, 6
 3, 20, 9
 3, 20, 18
 3, 20, 29
 3, 21, 6
 3, 21, 9
 3, 21, 10
 3, 21, 18
 3, 21, 24
 3, 21, 27
 3, 21, 28
 3, 21, 29
 3, 21, 31
 3, 23, 6
 3, 23, 9
 3, 23, 28
 3, 23, 29
 3, 24, 6
 3, 24, 9
 3, 24, 10
 3, 24, 12
 3, 24, 14
 3, 24, 18
 3, 24, 21
 3, 24, 25
 3, 24, 27
 3, 24, 28
 3, 24, 29
 3, 25, 6
 3, 25, 9
 3, 25, 10
 3, 25, 12
 3, 25, 18
 3, 25, 24
 3, 25, 27
 3, 25, 28
 3, 25, 29
 3, 26, 6
 3, 26, 9
 3, 26, 18
 3, 26, 29
 3, 27, 6
 3, 27, 10
 3, 27, 12
 3, 27, 21
 3, 27, 24
 3, 27, 25
 3, 27, 28
 3, 27, 29
 3, 27, 31
 3, 28, 6
 3, 28, 10
 3, 28, 12
 3, 28, 14
 3, 28, 18
 3, 28, 21
 3, 28, 23
 3, 28, 24
 3, 28, 25
 3, 28, 27
 3, 28, 29
 3, 28, 31
 3, 29, 6
 3, 29, 9
 3, 29, 10
 3, 29, 12
 3, 29, 14
 3, 29, 18
 3, 29, 20
 3, 29, 21
 3, 29, 23
 3, 29, 24
 3, 29, 25
 3, 29, 26
 3, 29, 27
 3, 29, 28
 3, 29, 31
 3, 31, 6
 3, 31, 9
 3, 31, 10
 3, 31, 12
 3, 31, 21
 3, 31, 27
 3, 31, 28
 3, 31, 29
 3, 34, 6
 3, 34, 9
 3, 34, 18
 4, 6, 9
 4, 6, 18
 4, 6, 19
 4, 6, 20
 4, 6, 26
 4, 6, 34
 4, 9, 6
 4, 9, 13
 4, 9, 15
 4, 9, 17
 4, 9, 18
 4, 9, 19
 4, 9, 20
 4, 9, 26
 4, 9, 34
 4, 13, 9
 4, 13, 15
 4, 13, 18
 4, 13, 19
 4, 13, 20
 4, 13, 26
 4, 13, 34
 4, 15, 9
 4, 15, 13
 4, 15, 18
 4, 15, 20
 4, 15, 26
 4, 17, 9
 4, 18, 6
 4, 18, 9
 4, 18, 13
 4, 18, 15
 4, 18, 19
 4, 18, 20
 4, 18, 26
 4, 18, 34
 4, 19, 6
 4, 19, 9
 4, 19, 13
 4, 19, 18
 4, 20, 6
 4, 20, 9
 4, 20, 13
 4, 20, 15
 4, 20, 18
 4, 26, 6
 4, 26, 9
 4, 26, 13
 4, 26, 15
 4, 26, 18
 4, 34, 6
 4, 34, 9
 4, 34, 13
 4, 34, 18
 5, 6, 11
 5, 6, 12
 5, 6, 16
 5, 6, 18
 5, 6, 19
 5, 6, 20
 5, 6, 23
 5, 6, 25
 5, 6, 26
 5, 6, 34
 5, 10, 11
 5, 10, 18
 5, 10, 25
 5, 11, 6
 5, 11, 10
 5, 11, 12
 5, 11, 15
 5, 11, 18
 5, 11, 19
 5, 11, 25
 5, 11, 34
 5, 12, 6
 5, 12, 11
 5, 12, 18
 5, 12, 25
 5, 15, 11
 5, 15, 18
 5, 15, 20
 5, 15, 26
 5, 16, 6
 5, 16, 18
 5, 16, 20
 5, 16, 25
 5, 16, 26
 5, 18, 6
 5, 18, 10
 5, 18, 11
 5, 18, 12
 5, 18, 15
 5, 18, 16
 5, 18, 19
 5, 18, 20
 5, 18, 25
 5, 18, 26
 5, 18, 34
 5, 19, 6
 5, 19, 11
 5, 19, 18
 5, 20, 6
 5, 20, 15
 5, 20, 16
 5, 20, 18
 5, 23, 6
 5, 25, 6
 5, 25, 10
 5, 25, 11
 5, 25, 12
 5, 25, 16
 5, 25, 18
 5, 26, 6
 5, 26, 15
 5, 26, 16
 5, 26, 18
 5, 34, 6
 5, 34, 11
 5, 34, 18
 6, 9, 12
 6, 9, 18
 6, 9, 19
 6, 9, 20
 6, 9, 21
 6, 9, 23
 6, 9, 24
 6, 9, 25
 6, 9, 26
 6, 9, 29
 6, 9, 31
 6, 9, 32
 6, 9, 33
 6, 9, 34
 6, 9, 35
 6, 9, 36
 6, 11, 12
 6, 11, 14
 6, 11, 18
 6, 11, 19
 6, 11, 21
 6, 11, 24
 6, 11, 25
 6, 11, 28
 6, 11, 29
 6, 11, 32
 6, 11, 33
 6, 11, 34
 6, 12, 9
 6, 12, 11
 6, 12, 14
 6, 12, 18
 6, 12, 24
 6, 12, 25
 6, 12, 27
 6, 12, 28
 6, 12, 29
 6, 12, 31
 6, 12, 32
 6, 12, 33
 6, 12, 35
 6, 12, 36
 6, 14, 11
 6, 14, 12
 6, 14, 16
 6, 14, 18
 6, 14, 24
 6, 14, 28
 6, 14, 29
 6, 14, 32
 6, 16, 14
 6, 16, 18
 6, 16, 20
 6, 16, 21
 6, 16, 24
 6, 16, 25
 6, 16, 26
 6, 16, 27
 6, 16, 28
 6, 16, 29
 6, 16, 31
 6, 16, 32
 6, 16, 35
 6, 16, 36
 6, 18, 9
 6, 18, 11
 6, 18, 12
 6, 18, 14
 6, 18, 16
 6, 18, 19
 6, 18, 20
 6, 18, 21
 6, 18, 24
 6, 18, 25
 6, 18, 26
 6, 18, 28
 6, 18, 29
 6, 18, 32
 6, 18, 33
 6, 18, 34
 6, 18, 35
 6, 18, 36
 6, 19, 9
 6, 19, 11
 6, 19, 18
 6, 20, 9
 6, 20, 16
 6, 20, 18
 6, 20, 29
 6, 20, 32
 6, 20, 33
 6, 21, 9
 6, 21, 11
 6, 21, 16
 6, 21, 18
 6, 21, 24
 6, 21, 27
 6, 21, 28
 6, 21, 29
 6, 21, 31
 6, 21, 32
 6, 21, 33
 6, 21, 35
 6, 23, 9
 6, 23, 28
 6, 23, 29
 6, 23, 32
 6, 23, 33
 6, 24, 9
 6, 24, 11
 6, 24, 12
 6, 24, 14
 6, 24, 16
 6, 24, 18
 6, 24, 21
 6, 24, 25
 6, 24, 27
 6, 24, 28
 6, 24, 29
 6, 24, 32
 6, 24, 33
 6, 25, 9
 6, 25, 11
 6, 25, 12
 6, 25, 16
 6, 25, 18
 6, 25, 24
 6, 25, 27
 6, 25, 28
 6, 25, 29
 6, 25, 32
 6, 25, 35
 6, 25, 36
 6, 26, 9
 6, 26, 16
 6, 26, 18
 6, 26, 29
 6, 26, 32
 6, 26, 33
 6, 27, 12
 6, 27, 16
 6, 27, 21
 6, 27, 24
 6, 27, 25
 6, 27, 28
 6, 27, 29
 6, 27, 31
 6, 27, 32
 6, 27, 33
 6, 27, 35
 6, 27, 36
 6, 27, 38
 6, 28, 11
 6, 28, 12
 6, 28, 14
 6, 28, 16
 6, 28, 18
 6, 28, 21
 6, 28, 23
 6, 28, 24
 6, 28, 25
 6, 28, 27
 6, 28, 29
 6, 28, 31
 6, 28, 32
 6, 28, 35
 6, 28, 38
 6, 29, 9
 6, 29, 11
 6, 29, 12
 6, 29, 14
 6, 29, 16
 6, 29, 18
 6, 29, 20
 6, 29, 21
 6, 29, 23
 6, 29, 24
 6, 29, 25
 6, 29, 26
 6, 29, 27
 6, 29, 28
 6, 29, 31
 6, 29, 32
 6, 29, 35
 6, 29, 38
 6, 31, 9
 6, 31, 12
 6, 31, 16
 6, 31, 21
 6, 31, 27
 6, 31, 28
 6, 31, 29
 6, 31, 33
 6, 31, 38
 6, 32, 9
 6, 32, 11
 6, 32, 12
 6, 32, 14
 6, 32, 16
 6, 32, 18
 6, 32, 20
 6, 32, 21
 6, 32, 23
 6, 32, 24
 6, 32, 25
 6, 32, 26
 6, 32, 27
 6, 32, 28
 6, 32, 29
 6, 32, 35
 6, 32, 38
 6, 33, 9
 6, 33, 11
 6, 33, 12
 6, 33, 18
 6, 33, 20
 6, 33, 21
 6, 33, 23
 6, 33, 24
 6, 33, 26
 6, 33, 27
 6, 33, 31
 6, 33, 38
 6, 34, 9
 6, 34, 11
 6, 34, 18
 6, 34, 38
 6, 35, 9
 6, 35, 12
 6, 35, 16
 6, 35, 18
 6, 35, 21
 6, 35, 25
 6, 35, 27
 6, 35, 28
 6, 35, 29
 6, 35, 32
 6, 36, 9
 6, 36, 12
 6, 36, 16
 6, 36, 18
 6, 36, 25
 6, 36, 27
 6, 38, 27
 6, 38, 28
 6, 38, 29
 6, 38, 31
 6, 38, 32
 6, 38, 33
 6, 38, 34
 7, 8, 9
 7, 8, 13
 7, 8, 15
 7, 8, 18
 7, 8, 19
 7, 8, 20
 7, 8, 23
 7, 8, 26
 7, 8, 34
 7, 9, 8
 7, 9, 13
 7, 9, 15
 7, 9, 18
 7, 9, 19
 7, 9, 20
 7, 9, 23
 7, 9, 26
 7, 9, 34
 7, 13, 8
 7, 13, 9
 7, 13, 15
 7, 13, 18
 7, 13, 19
 7, 13, 20
 7, 13, 23
 7, 13, 26
 7, 13, 34
 7, 15, 8
 7, 15, 9
 7, 15, 13
 7, 15, 18
 7, 15, 20
 7, 15, 26
 7, 18, 8
 7, 18, 9
 7, 18, 13
 7, 18, 15
 7, 18, 19
 7, 18, 20
 7, 18, 26
 7, 18, 34
 7, 19, 8
 7, 19, 9
 7, 19, 13
 7, 19, 18
 7, 20, 8
 7, 20, 9
 7, 20, 13
 7, 20, 15
 7, 20, 18
 7, 23, 8
 7, 23, 9
 7, 23, 13
 7, 26, 8
 7, 26, 9
 7, 26, 13
 7, 26, 15
 7, 26, 18
 7, 34, 8
 7, 34, 9
 7, 34, 13
 7, 34, 18
 8, 9, 12
 8, 9, 13
 8, 9, 15
 8, 9, 18
 8, 9, 19
 8, 9, 20
 8, 9, 21
 8, 9, 22
 8, 9, 23
 8, 9, 25
 8, 9, 26
 8, 9, 33
 8, 9, 34
 8, 9, 37
 8, 12, 9
 8, 12, 13
 8, 12, 18
 8, 12, 25
 8, 12, 33
 8, 13, 9
 8, 13, 12
 8, 13, 15
 8, 13, 16
 8, 13, 18
 8, 13, 19
 8, 13, 20
 8, 13, 21
 8, 13, 23
 8, 13, 25
 8, 13, 26
 8, 13, 33
 8, 13, 34
 8, 15, 9
 8, 15, 13
 8, 15, 18
 8, 15, 20
 8, 15, 26
 8, 15, 33
 8, 15, 37
 8, 16, 13
 8, 16, 18
 8, 16, 20
 8, 16, 21
 8, 16, 22
 8, 16, 25
 8, 16, 26
 8, 18, 9
 8, 18, 12
 8, 18, 13
 8, 18, 15
 8, 18, 16
 8, 18, 19
 8, 18, 20
 8, 18, 21
 8, 18, 25
 8, 18, 26
 8, 18, 33
 8, 18, 34
 8, 18, 37
 8, 19, 9
 8, 19, 13
 8, 19, 18
 8, 19, 37
 8, 20, 9
 8, 20, 13
 8, 20, 15
 8, 20, 16
 8, 20, 18
 8, 20, 33
 8, 20, 37
 8, 21, 9
 8, 21, 13
 8, 21, 16
 8, 21, 18
 8, 21, 33
 8, 22, 9
 8, 22, 16
 8, 23, 9
 8, 23, 13
 8, 23, 33
 8, 23, 37
 8, 25, 9
 8, 25, 12
 8, 25, 13
 8, 25, 16
 8, 25, 18
 8, 25, 37
 8, 26, 9
 8, 26, 13
 8, 26, 15
 8, 26, 16
 8, 26, 18
 8, 26, 33
 8, 26, 37
 8, 33, 9
 8, 33, 12
 8, 33, 13
 8, 33, 15
 8, 33, 18
 8, 33, 20
 8, 33, 21
 8, 33, 23
 8, 33, 26
 8, 33, 37
 8, 33, 38
 8, 34, 9
 8, 34, 13
 8, 34, 18
 8, 34, 37
 8, 34, 38
 8, 37, 9
 8, 37, 15
 8, 37, 18
 8, 37, 19
 8, 37, 20
 8, 37, 23
 8, 37, 25
 8, 37, 26
 8, 37, 33
 8, 37, 34
 8, 37, 38
 8, 38, 33
 8, 38, 34
 8, 38, 37
 9, 12, 13
 9, 12, 18
 9, 12, 24
 9, 12, 25
 9, 12, 29
 9, 12, 31
 9, 12, 32
 9, 12, 33
 9, 12, 35
 9, 12, 36
 9, 13, 12
 9, 13, 15
 9, 13, 18
 9, 13, 19
 9, 13, 20
 9, 13, 21
 9, 13, 23
 9, 13, 24
 9, 13, 25
 9, 13, 26
 9, 13, 33
 9, 13, 34
 9, 15, 13
 9, 15, 18
 9, 15, 20
 9, 15, 24
 9, 15, 26
 9, 15, 29
 9, 15, 33
 9, 15, 35
 9, 15, 37
 9, 17, 24
 9, 17, 29
 9, 17, 32
 9, 17, 33
 9, 17, 35
 9, 18, 12
 9, 18, 13
 9, 18, 15
 9, 18, 19
 9, 18, 20
 9, 18, 21
 9, 18, 24
 9, 18, 25
 9, 18, 26
 9, 18, 29
 9, 18, 32
 9, 18, 33
 9, 18, 34
 9, 18, 35
 9, 18, 36
 9, 18, 37
 9, 19, 13
 9, 19, 18
 9, 19, 37
 9, 20, 13
 9, 20, 15
 9, 20, 18
 9, 20, 29
 9, 20, 32
 9, 20, 33
 9, 20, 37
 9, 21, 13
 9, 21, 18
 9, 21, 24
 9, 21, 29
 9, 21, 31
 9, 21, 32
 9, 21, 33
 9, 21, 35
 9, 22, 29
 9, 22, 32
 9, 23, 13
 9, 23, 29
 9, 23, 32
 9, 23, 33
 9, 23, 37
 9, 24, 12
 9, 24, 13
 9, 24, 15
 9, 24, 17
 9, 24, 18
 9, 24, 21
 9, 24, 25
 9, 24, 29
 9, 24, 32
 9, 24, 33
 9, 25, 12
 9, 25, 13
 9, 25, 18
 9, 25, 24
 9, 25, 29
 9, 25, 32
 9, 25, 35
 9, 25, 36
 9, 25, 37
 9, 26, 13
 9, 26, 15
 9, 26, 18
 9, 26, 29
 9, 26, 32
 9, 26, 33
 9, 26, 37
 9, 29, 12
 9, 29, 15
 9, 29, 17
 9, 29, 18
 9, 29, 20
 9, 29, 21
 9, 29, 22
 9, 29, 23
 9, 29, 24
 9, 29, 25
 9, 29, 26
 9, 29, 31
 9, 29, 32
 9, 29, 35
 9, 29, 37
 9, 31, 12
 9, 31, 21
 9, 31, 29
 9, 31, 33
 9, 31, 37
 9, 32, 12
 9, 32, 17
 9, 32, 18
 9, 32, 20
 9, 32, 21
 9, 32, 22
 9, 32, 23
 9, 32, 24
 9, 32, 25
 9, 32, 26
 9, 32, 29
 9, 32, 35
 9, 33, 12
 9, 33, 13
 9, 33, 15
 9, 33, 17
 9, 33, 18
 9, 33, 20
 9, 33, 21
 9, 33, 23
 9, 33, 24
 9, 33, 26
 9, 33, 31
 9, 33, 37
 9, 34, 13
 9, 34, 18
 9, 34, 37
 9, 35, 12
 9, 35, 15
 9, 35, 17
 9, 35, 18
 9, 35, 21
 9, 35, 25
 9, 35, 29
 9, 35, 32
 9, 36, 12
 9, 36, 18
 9, 36, 25
 9, 37, 15
 9, 37, 18
 9, 37, 19
 9, 37, 20
 9, 37, 23
 9, 37, 25
 9, 37, 26
 9, 37, 29
 9, 37, 31
 9, 37, 33
 9, 37, 34
 10, 11, 14
 10, 11, 18
 10, 11, 21
 10, 11, 22
 10, 11, 24
 10, 11, 25
 10, 11, 28
 10, 11, 29
 10, 11, 32
 10, 11, 33
 10, 14, 11
 10, 14, 18
 10, 14, 24
 10, 14, 28
 10, 14, 29
 10, 14, 32
 10, 18, 11
 10, 18, 14
 10, 18, 21
 10, 18, 24
 10, 18, 25
 10, 18, 28
 10, 18, 29
 10, 18, 30
 10, 18, 32
 10, 18, 33
 10, 18, 35
 10, 21, 11
 10, 21, 18
 10, 21, 24
 10, 21, 27
 10, 21, 28
 10, 21, 29
 10, 21, 31
 10, 21, 32
 10, 21, 33
 10, 21, 35
 10, 22, 11
 10, 22, 27
 10, 22, 28
 10, 22, 29
 10, 22, 30
 10, 22, 32
 10, 24, 11
 10, 24, 14
 10, 24, 18
 10, 24, 21
 10, 24, 25
 10, 24, 27
 10, 24, 28
 10, 24, 29
 10, 24, 32
 10, 24, 33
 10, 25, 11
 10, 25, 18
 10, 25, 24
 10, 25, 27
 10, 25, 28
 10, 25, 29
 10, 25, 30
 10, 25, 32
 10, 25, 35
 10, 27, 21
 10, 27, 22
 10, 27, 24
 10, 27, 25
 10, 27, 28
 10, 27, 29
 10, 27, 30
 10, 27, 31
 10, 27, 32
 10, 27, 33
 10, 27, 35
 10, 27, 38
 10, 28, 11
 10, 28, 14
 10, 28, 18
 10, 28, 21
 10, 28, 22
 10, 28, 24
 10, 28, 25
 10, 28, 27
 10, 28, 29
 10, 28, 30
 10, 28, 31
 10, 28, 32
 10, 28, 35
 10, 28, 38
 10, 29, 11
 10, 29, 14
 10, 29, 18
 10, 29, 21
 10, 29, 22
 10, 29, 24
 10, 29, 25
 10, 29, 27
 10, 29, 28
 10, 29, 31
 10, 29, 32
 10, 29, 35
 10, 29, 38
 10, 30, 18
 10, 30, 22
 10, 30, 25
 10, 30, 27
 10, 30, 28
 10, 30, 38
 10, 31, 21
 10, 31, 27
 10, 31, 28
 10, 31, 29
 10, 31, 33
 10, 31, 38
 10, 32, 11
 10, 32, 14
 10, 32, 18
 10, 32, 21
 10, 32, 22
 10, 32, 24
 10, 32, 25
 10, 32, 27
 10, 32, 28
 10, 32, 29
 10, 32, 35
 10, 32, 38
 10, 33, 11
 10, 33, 18
 10, 33, 21
 10, 33, 24
 10, 33, 27
 10, 33, 31
 10, 33, 38
 10, 35, 18
 10, 35, 21
 10, 35, 25
 10, 35, 27
 10, 35, 28
 10, 35, 29
 10, 35, 32
 10, 38, 27
 10, 38, 28
 10, 38, 29
 10, 38, 30
 10, 38, 31
 10, 38, 32
 10, 38, 33
 11, 12, 13
 11, 12, 14
 11, 12, 18
 11, 12, 24
 11, 12, 25
 11, 12, 28
 11, 12, 29
 11, 12, 32
 11, 12, 33
 11, 13, 12
 11, 13, 15
 11, 13, 18
 11, 13, 19
 11, 13, 21
 11, 13, 24
 11, 13, 25
 11, 13, 33
 11, 13, 34
 11, 14, 12
 11, 14, 18
 11, 14, 24
 11, 14, 28
 11, 14, 29
 11, 14, 32
 11, 15, 13
 11, 15, 18
 11, 15, 24
 11, 15, 28
 11, 15, 29
 11, 15, 33
 11, 18, 12
 11, 18, 13
 11, 18, 14
 11, 18, 15
 11, 18, 19
 11, 18, 21
 11, 18, 24
 11, 18, 25
 11, 18, 28
 11, 18, 29
 11, 18, 32
 11, 18, 33
 11, 18, 34
 11, 19, 13
 11, 19, 18
 11, 21, 13
 11, 21, 18
 11, 21, 24
 11, 21, 28
 11, 21, 29
 11, 21, 32
 11, 21, 33
 11, 22, 28
 11, 22, 29
 11, 22, 32
 11, 24, 12
 11, 24, 13
 11, 24, 14
 11, 24, 15
 11, 24, 18
 11, 24, 21
 11, 24, 25
 11, 24, 28
 11, 24, 29
 11, 24, 32
 11, 24, 33
 11, 25, 12
 11, 25, 13
 11, 25, 18
 11, 25, 24
 11, 25, 28
 11, 25, 29
 11, 25, 32
 11, 28, 12
 11, 28, 14
 11, 28, 15
 11, 28, 18
 11, 28, 21
 11, 28, 22
 11, 28, 24
 11, 28, 25
 11, 28, 29
 11, 28, 32
 11, 29, 12
 11, 29, 14
 11, 29, 15
 11, 29, 18
 11, 29, 21
 11, 29, 22
 11, 29, 24
 11, 29, 25
 11, 29, 28
 11, 29, 32
 11, 32, 12
 11, 32, 14
 11, 32, 18
 11, 32, 21
 11, 32, 22
 11, 32, 24
 11, 32, 25
 11, 32, 28
 11, 32, 29
 11, 33, 12
 11, 33, 13
 11, 33, 15
 11, 33, 18
 11, 33, 21
 11, 33, 24
 11, 34, 13
 11, 34, 18
 12, 13, 18
 12, 13, 24
 12, 13, 25
 12, 13, 33
 12, 14, 18
 12, 14, 24
 12, 14, 28
 12, 14, 29
 12, 14, 32
 12, 18, 13
 12, 18, 14
 12, 18, 24
 12, 18, 25
 12, 18, 28
 12, 18, 29
 12, 18, 30
 12, 18, 32
 12, 18, 33
 12, 18, 35
 12, 18, 36
 12, 24, 13
 12, 24, 14
 12, 24, 18
 12, 24, 25
 12, 24, 27
 12, 24, 28
 12, 24, 29
 12, 24, 32
 12, 24, 33
 12, 25, 13
 12, 25, 18
 12, 25, 24
 12, 25, 27
 12, 25, 28
 12, 25, 29
 12, 25, 30
 12, 25, 32
 12, 25, 35
 12, 25, 36
 12, 27, 24
 12, 27, 25
 12, 27, 28
 12, 27, 29
 12, 27, 30
 12, 27, 31
 12, 27, 32
 12, 27, 33
 12, 27, 35
 12, 27, 36
 12, 28, 14
 12, 28, 18
 12, 28, 24
 12, 28, 25
 12, 28, 27
 12, 28, 29
 12, 28, 30
 12, 28, 31
 12, 28, 32
 12, 28, 35
 12, 29, 14
 12, 29, 18
 12, 29, 24
 12, 29, 25
 12, 29, 27
 12, 29, 28
 12, 29, 31
 12, 29, 32
 12, 29, 35
 12, 30, 18
 12, 30, 25
 12, 30, 27
 12, 30, 28
 12, 31, 27
 12, 31, 28
 12, 31, 29
 12, 31, 33
 12, 32, 14
 12, 32, 18
 12, 32, 24
 12, 32, 25
 12, 32, 27
 12, 32, 28
 12, 32, 29
 12, 32, 35
 12, 33, 13
 12, 33, 18
 12, 33, 24
 12, 33, 27
 12, 33, 31
 12, 35, 18
 12, 35, 25
 12, 35, 27
 12, 35, 28
 12, 35, 29
 12, 35, 32
 12, 36, 18
 12, 36, 25
 12, 36, 27
 13, 15, 18
 13, 15, 20
 13, 15, 24
 13, 15, 26
 13, 15, 33
 13, 16, 18
 13, 16, 20
 13, 16, 21
 13, 16, 24
 13, 16, 25
 13, 16, 26
 13, 18, 15
 13, 18, 16
 13, 18, 19
 13, 18, 20
 13, 18, 21
 13, 18, 24
 13, 18, 25
 13, 18, 26
 13, 18, 33
 13, 18, 34
 13, 19, 18
 13, 20, 15
 13, 20, 16
 13, 20, 18
 13, 20, 33
 13, 21, 16
 13, 21, 18
 13, 21, 24
 13, 21, 33
 13, 23, 33
 13, 24, 15
 13, 24, 16
 13, 24, 18
 13, 24, 21
 13, 24, 25
 13, 24, 33
 13, 25, 16
 13, 25, 18
 13, 25, 24
 13, 26, 15
 13, 26, 16
 13, 26, 18
 13, 26, 33
 13, 33, 15
 13, 33, 18
 13, 33, 20
 13, 33, 21
 13, 33, 23
 13, 33, 24
 13, 33, 26
 13, 34, 18
 14, 16, 18
 14, 16, 24
 14, 16, 28
 14, 16, 29
 14, 16, 32
 14, 18, 16
 14, 18, 24
 14, 18, 28
 14, 18, 29
 14, 18, 32
 14, 24, 16
 14, 24, 18
 14, 24, 28
 14, 24, 29
 14, 24, 32
 14, 28, 16
 14, 28, 18
 14, 28, 24
 14, 28, 29
 14, 28, 32
 14, 29, 16
 14, 29, 18
 14, 29, 24
 14, 29, 28
 14, 29, 32
 14, 32, 16
 14, 32, 18
 14, 32, 24
 14, 32, 28
 14, 32, 29
 15, 18, 20
 15, 18, 24
 15, 18, 26
 15, 18, 28
 15, 18, 29
 15, 18, 33
 15, 18, 35
 15, 18, 37
 15, 20, 18
 15, 20, 29
 15, 20, 33
 15, 20, 37
 15, 24, 18
 15, 24, 28
 15, 24, 29
 15, 24, 33
 15, 26, 18
 15, 26, 29
 15, 26, 33
 15, 26, 37
 15, 28, 18
 15, 28, 24
 15, 28, 29
 15, 28, 35
 15, 28, 37
 15, 29, 18
 15, 29, 20
 15, 29, 24
 15, 29, 26
 15, 29, 28
 15, 29, 35
 15, 29, 37
 15, 33, 18
 15, 33, 20
 15, 33, 24
 15, 33, 26
 15, 33, 37
 15, 35, 18
 15, 35, 28
 15, 35, 29
 15, 37, 18
 15, 37, 20
 15, 37, 26
 15, 37, 28
 15, 37, 29
 15, 37, 33
 16, 18, 20
 16, 18, 21
 16, 18, 24
 16, 18, 25
 16, 18, 26
 16, 18, 28
 16, 18, 29
 16, 18, 32
 16, 18, 35
 16, 18, 36
 16, 20, 18
 16, 20, 29
 16, 20, 32
 16, 21, 18
 16, 21, 24
 16, 21, 27
 16, 21, 28
 16, 21, 29
 16, 21, 31
 16, 21, 32
 16, 21, 35
 16, 22, 27
 16, 22, 28
 16, 22, 29
 16, 22, 32
 16, 24, 18
 16, 24, 21
 16, 24, 25
 16, 24, 27
 16, 24, 28
 16, 24, 29
 16, 24, 32
 16, 25, 18
 16, 25, 24
 16, 25, 27
 16, 25, 28
 16, 25, 29
 16, 25, 32
 16, 25, 35
 16, 25, 36
 16, 26, 18
 16, 26, 29
 16, 26, 32
 16, 27, 21
 16, 27, 22
 16, 27, 24
 16, 27, 25
 16, 27, 28
 16, 27, 29
 16, 27, 31
 16, 27, 32
 16, 27, 35
 16, 27, 36
 16, 28, 18
 16, 28, 21
 16, 28, 22
 16, 28, 24
 16, 28, 25
 16, 28, 27
 16, 28, 29
 16, 28, 31
 16, 28, 32
 16, 28, 35
 16, 29, 18
 16, 29, 20
 16, 29, 21
 16, 29, 22
 16, 29, 24
 16, 29, 25
 16, 29, 26
 16, 29, 27
 16, 29, 28
 16, 29, 31
 16, 29, 32
 16, 29, 35
 16, 31, 21
 16, 31, 27
 16, 31, 28
 16, 31, 29
 16, 32, 18
 16, 32, 20
 16, 32, 21
 16, 32, 22
 16, 32, 24
 16, 32, 25
 16, 32, 26
 16, 32, 27
 16, 32, 28
 16, 32, 29
 16, 32, 35
 16, 35, 18
 16, 35, 21
 16, 35, 25
 16, 35, 27
 16, 35, 28
 16, 35, 29
 16, 35, 32
 16, 36, 18
 16, 36, 25
 16, 36, 27
 17, 24, 27
 17, 24, 28
 17, 24, 29
 17, 24, 32
 17, 24, 33
 17, 27, 24
 17, 27, 28
 17, 27, 29
 17, 27, 32
 17, 27, 33
 17, 27, 35
 17, 28, 24
 17, 28, 27
 17, 28, 29
 17, 28, 32
 17, 28, 35
 17, 29, 24
 17, 29, 27
 17, 29, 28
 17, 29, 32
 17, 29, 35
 17, 32, 24
 17, 32, 27
 17, 32, 28
 17, 32, 29
 17, 32, 35
 17, 33, 24
 17, 33, 27
 17, 35, 27
 17, 35, 28
 17, 35, 29
 17, 35, 32
 18, 19, 37
 18, 20, 29
 18, 20, 32
 18, 20, 33
 18, 20, 37
 18, 21, 24
 18, 21, 28
 18, 21, 29
 18, 21, 32
 18, 21, 33
 18, 21, 35
 18, 24, 21
 18, 24, 25
 18, 24, 28
 18, 24, 29
 18, 24, 32
 18, 24, 33
 18, 25, 24
 18, 25, 28
 18, 25, 29
 18, 25, 30
 18, 25, 32
 18, 25, 35
 18, 25, 36
 18, 25, 37
 18, 26, 29
 18, 26, 32
 18, 26, 33
 18, 26, 37
 18, 28, 21
 18, 28, 24
 18, 28, 25
 18, 28, 29
 18, 28, 30
 18, 28, 32
 18, 28, 35
 18, 28, 37
 18, 29, 20
 18, 29, 21
 18, 29, 24
 18, 29, 25
 18, 29, 26
 18, 29, 28
 18, 29, 32
 18, 29, 35
 18, 29, 37
 18, 30, 25
 18, 30, 28
 18, 32, 20
 18, 32, 21
 18, 32, 24
 18, 32, 25
 18, 32, 26
 18, 32, 28
 18, 32, 29
 18, 32, 35
 18, 33, 20
 18, 33, 21
 18, 33, 24
 18, 33, 26
 18, 33, 37
 18, 34, 37
 18, 35, 21
 18, 35, 25
 18, 35, 28
 18, 35, 29
 18, 35, 32
 18, 36, 25
 18, 37, 19
 18, 37, 20
 18, 37, 25
 18, 37, 26
 18, 37, 28
 18, 37, 29
 18, 37, 33
 18, 37, 34
 20, 29, 32
 20, 29, 37
 20, 32, 29
 20, 33, 37
 20, 37, 29
 20, 37, 33
 21, 24, 27
 21, 24, 28
 21, 24, 29
 21, 24, 32
 21, 24, 33
 21, 27, 24
 21, 27, 28
 21, 27, 29
 21, 27, 31
 21, 27, 32
 21, 27, 33
 21, 27, 35
 21, 28, 24
 21, 28, 27
 21, 28, 29
 21, 28, 31
 21, 28, 32
 21, 28, 35
 21, 29, 24
 21, 29, 27
 21, 29, 28
 21, 29, 31
 21, 29, 32
 21, 29, 35
 21, 31, 27
 21, 31, 28
 21, 31, 29
 21, 31, 33
 21, 32, 24
 21, 32, 27
 21, 32, 28
 21, 32, 29
 21, 32, 35
 21, 33, 24
 21, 33, 27
 21, 33, 31
 21, 35, 27
 21, 35, 28
 21, 35, 29
 21, 35, 32
 22, 27, 28
 22, 27, 29
 22, 27, 30
 22, 27, 32
 22, 28, 27
 22, 28, 29
 22, 28, 30
 22, 28, 32
 22, 29, 27
 22, 29, 28
 22, 29, 32
 22, 30, 27
 22, 30, 28
 22, 32, 27
 22, 32, 28
 22, 32, 29
 23, 28, 29
 23, 28, 32
 23, 28, 37
 23, 29, 28
 23, 29, 32
 23, 29, 37
 23, 32, 28
 23, 32, 29
 23, 33, 37
 23, 37, 28
 23, 37, 29
 23, 37, 33
 24, 25, 27
 24, 25, 28
 24, 25, 29
 24, 25, 32
 24, 27, 25
 24, 27, 28
 24, 27, 29
 24, 27, 32
 24, 27, 33
 24, 28, 25
 24, 28, 27
 24, 28, 29
 24, 28, 32
 24, 29, 25
 24, 29, 27
 24, 29, 28
 24, 29, 32
 24, 32, 25
 24, 32, 27
 24, 32, 28
 24, 32, 29
 24, 33, 27
 25, 27, 28
 25, 27, 29
 25, 27, 30
 25, 27, 32
 25, 27, 35
 25, 27, 36
 25, 27, 37
 25, 28, 27
 25, 28, 29
 25, 28, 30
 25, 28, 32
 25, 28, 35
 25, 28, 37
 25, 29, 27
 25, 29, 28
 25, 29, 32
 25, 29, 35
 25, 29, 37
 25, 30, 27
 25, 30, 28
 25, 32, 27
 25, 32, 28
 25, 32, 29
 25, 32, 35
 25, 35, 27
 25, 35, 28
 25, 35, 29
 25, 35, 32
 25, 36, 27
 25, 37, 27
 25, 37, 28
 25, 37, 29
 26, 29, 32
 26, 29, 37
 26, 32, 29
 26, 33, 37
 26, 37, 29
 26, 37, 33
 27, 28, 29
 27, 28, 30
 27, 28, 31
 27, 28, 32
 27, 28, 35
 27, 28, 37
 27, 28, 38
 27, 29, 28
 27, 29, 31
 27, 29, 32
 27, 29, 35
 27, 29, 37
 27, 29, 38
 27, 30, 28
 27, 30, 38
 27, 31, 28
 27, 31, 29
 27, 31, 33
 27, 31, 37
 27, 31, 38
 27, 32, 28
 27, 32, 29
 27, 32, 35
 27, 32, 38
 27, 33, 31
 27, 33, 37
 27, 33, 38
 27, 35, 28
 27, 35, 29
 27, 35, 32
 27, 37, 28
 27, 37, 29
 27, 37, 31
 27, 37, 33
 27, 37, 38
 27, 38, 28
 27, 38, 29
 27, 38, 30
 27, 38, 31
 27, 38, 32
 27, 38, 33
 27, 38, 37
 28, 29, 31
 28, 29, 32
 28, 29, 35
 28, 29, 37
 28, 29, 38
 28, 30, 38
 28, 31, 29
 28, 31, 37
 28, 31, 38
 28, 32, 29
 28, 32, 35
 28, 32, 38
 28, 35, 29
 28, 35, 32
 28, 37, 29
 28, 37, 31
 28, 37, 38
 28, 38, 29
 28, 38, 30
 28, 38, 31
 28, 38, 32
 28, 38, 37
 29, 31, 37
 29, 31, 38
 29, 32, 35
 29, 32, 38
 29, 35, 32
 29, 37, 31
 29, 37, 38
 29, 38, 31
 29, 38, 32
 29, 38, 37
 31, 33, 37
 31, 33, 38
 31, 37, 33
 31, 37, 38
 31, 38, 33
 31, 38, 37
 33, 37, 38
 33, 38, 37
 34, 37, 38
 34, 38, 37
