0, 2, 3
 0, 2, 4
 0, 2, 5
 0, 2, 6
 0, 2, 20
 0, 2, 28
 0, 2, 29
 0, 2, 39
 0, 2, 41
 0, 3, 2
 0, 3, 29
 0, 3, 44
 0, 3, 46
 0, 4, 2
 0, 4, 29
 0, 4, 44
 0, 5, 2
 0, 5, 20
 0, 5, 29
 0, 5, 39
 0, 5, 44
 0, 5, 46
 0, 6, 2
 0, 6, 29
 0, 6, 39
 0, 7, 29
 0, 7, 46
 0, 20, 2
 0, 20, 5
 0, 20, 29
 0, 20, 44
 0, 20, 46
 0, 28, 2
 0, 28, 29
 0, 28, 46
 0, 29, 2
 0, 29, 3
 0, 29, 4
 0, 29, 5
 0, 29, 6
 0, 29, 7
 0, 29, 20
 0, 29, 28
 0, 29, 39
 0, 29, 41
 0, 29, 44
 0, 29, 46
 0, 39, 2
 0, 39, 5
 0, 39, 6
 0, 39, 29
 0, 39, 46
 0, 41, 2
 0, 41, 29
 0, 41, 44
 0, 41, 46
 0, 44, 3
 0, 44, 4
 0, 44, 5
 0, 44, 20
 0, 44, 29
 0, 44, 41
 0, 44, 46
 0, 46, 3
 0, 46, 5
 0, 46, 7
 0, 46, 20
 0, 46, 28
 0, 46, 29
 0, 46, 39
 0, 46, 41
 0, 46, 44
 1, 17, 46
 1, 17, 52
 1, 25, 46
 1, 25, 52
 1, 36, 46
 1, 36, 52
 1, 44, 46
 1, 46, 17
 1, 46, 25
 1, 46, 36
 1, 46, 44
 1, 46, 52
 1, 52, 17
 1, 52, 25
 1, 52, 36
 1, 52, 46
 2, 3, 29
 2, 3, 50
 2, 4, 16
 2, 4, 29
 2, 4, 48
 2, 5, 20
 2, 5, 29
 2, 5, 39
 2, 6, 9
 2, 6, 11
 2, 6, 16
 2, 6, 26
 2, 6, 29
 2, 6, 39
 2, 8, 9
 2, 8, 11
 2, 8, 20
 2, 8, 29
 2, 8, 37
 2, 8, 39
 2, 8, 41
 2, 8, 48
 2, 8, 50
 2, 9, 6
 2, 9, 8
 2, 9, 29
 2, 9, 48
 2, 9, 50
 2, 11, 6
 2, 11, 8
 2, 11, 29
 2, 11, 39
 2, 11, 48
 2, 11, 50
 2, 16, 4
 2, 16, 6
 2, 16, 29
 2, 16, 48
 2, 16, 50
 2, 20, 5
 2, 20, 8
 2, 20, 29
 2, 24, 29
 2, 24, 41
 2, 26, 6
 2, 28, 29
 2, 28, 50
 2, 29, 3
 2, 29, 4
 2, 29, 5
 2, 29, 6
 2, 29, 8
 2, 29, 9
 2, 29, 11
 2, 29, 16
 2, 29, 20
 2, 29, 24
 2, 29, 28
 2, 29, 39
 2, 29, 41
 2, 29, 48
 2, 37, 8
 2, 37, 48
 2, 37, 50
 2, 39, 5
 2, 39, 6
 2, 39, 8
 2, 39, 11
 2, 39, 29
 2, 39, 48
 2, 39, 50
 2, 41, 8
 2, 41, 24
 2, 41, 29
 2, 41, 50
 2, 48, 4
 2, 48, 8
 2, 48, 9
 2, 48, 11
 2, 48, 16
 2, 48, 29
 2, 48, 37
 2, 48, 39
 2, 48, 50
 2, 50, 3
 2, 50, 8
 2, 50, 9
 2, 50, 11
 2, 50, 16
 2, 50, 28
 2, 50, 37
 2, 50, 39
 2, 50, 41
 2, 50, 48
 3, 29, 31
 3, 29, 36
 3, 29, 38
 3, 29, 42
 3, 29, 44
 3, 29, 46
 3, 31, 29
 3, 31, 36
 3, 31, 42
 3, 31, 50
 3, 31, 51
 3, 36, 29
 3, 36, 31
 3, 36, 46
 3, 36, 51
 3, 38, 29
 3, 42, 29
 3, 42, 31
 3, 42, 50
 3, 44, 29
 3, 44, 46
 3, 44, 50
 3, 46, 29
 3, 46, 36
 3, 46, 44
 3, 50, 31
 3, 50, 42
 3, 50, 44
 3, 51, 31
 3, 51, 36
 4, 16, 29
 4, 16, 47
 4, 16, 48
 4, 16, 52
 4, 27, 48
 4, 29, 16
 4, 29, 30
 4, 29, 44
 4, 29, 47
 4, 29, 48
 4, 29, 52
 4, 30, 29
 4, 30, 47
 4, 30, 48
 4, 44, 29
 4, 47, 16
 4, 47, 29
 4, 47, 30
 4, 48, 16
 4, 48, 27
 4, 48, 29
 4, 48, 30
 4, 52, 16
 4, 52, 29
 5, 20, 29
 5, 20, 36
 5, 20, 44
 5, 20, 46
 5, 29, 20
 5, 29, 36
 5, 29, 39
 5, 29, 44
 5, 29, 46
 5, 29, 52
 5, 36, 20
 5, 36, 29
 5, 36, 46
 5, 36, 52
 5, 39, 29
 5, 39, 46
 5, 39, 52
 5, 44, 20
 5, 44, 29
 5, 44, 46
 5, 46, 20
 5, 46, 29
 5, 46, 36
 5, 46, 39
 5, 46, 44
 5, 46, 52
 5, 52, 29
 5, 52, 36
 5, 52, 39
 5, 52, 46
 6, 9, 29
 6, 9, 35
 6, 9, 43
 6, 9, 45
 6, 10, 29
 6, 10, 43
 6, 10, 45
 6, 11, 29
 6, 11, 31
 6, 11, 36
 6, 11, 39
 6, 11, 40
 6, 11, 43
 6, 11, 45
 6, 12, 18
 6, 12, 31
 6, 12, 38
 6, 12, 39
 6, 12, 40
 6, 12, 43
 6, 12, 45
 6, 16, 29
 6, 16, 45
 6, 18, 12
 6, 18, 29
 6, 18, 43
 6, 18, 45
 6, 19, 35
 6, 19, 43
 6, 26, 45
 6, 29, 9
 6, 29, 10
 6, 29, 11
 6, 29, 16
 6, 29, 18
 6, 29, 31
 6, 29, 35
 6, 29, 36
 6, 29, 38
 6, 29, 39
 6, 29, 40
 6, 29, 43
 6, 31, 11
 6, 31, 12
 6, 31, 29
 6, 31, 35
 6, 31, 36
 6, 31, 39
 6, 31, 40
 6, 31, 43
 6, 31, 45
 6, 35, 9
 6, 35, 19
 6, 35, 29
 6, 35, 31
 6, 35, 40
 6, 35, 43
 6, 35, 45
 6, 36, 11
 6, 36, 29
 6, 36, 31
 6, 38, 12
 6, 38, 29
 6, 38, 43
 6, 38, 45
 6, 39, 11
 6, 39, 12
 6, 39, 29
 6, 39, 31
 6, 39, 43
 6, 39, 45
 6, 40, 11
 6, 40, 12
 6, 40, 29
 6, 40, 31
 6, 40, 35
 6, 40, 43
 6, 43, 9
 6, 43, 10
 6, 43, 11
 6, 43, 12
 6, 43, 18
 6, 43, 19
 6, 43, 29
 6, 43, 31
 6, 43, 35
 6, 43, 38
 6, 43, 39
 6, 43, 40
 6, 43, 45
 6, 45, 9
 6, 45, 10
 6, 45, 11
 6, 45, 12
 6, 45, 16
 6, 45, 18
 6, 45, 26
 6, 45, 31
 6, 45, 35
 6, 45, 38
 6, 45, 39
 6, 45, 43
 7, 13, 17
 7, 13, 21
 7, 13, 29
 7, 13, 46
 7, 13, 47
 7, 13, 51
 7, 17, 13
 7, 17, 29
 7, 17, 46
 7, 17, 47
 7, 17, 51
 7, 21, 13
 7, 21, 29
 7, 21, 46
 7, 21, 47
 7, 25, 29
 7, 25, 46
 7, 25, 47
 7, 25, 51
 7, 29, 13
 7, 29, 17
 7, 29, 21
 7, 29, 25
 7, 29, 46
 7, 29, 47
 7, 46, 13
 7, 46, 17
 7, 46, 21
 7, 46, 25
 7, 46, 29
 7, 47, 13
 7, 47, 17
 7, 47, 21
 7, 47, 25
 7, 47, 29
 7, 51, 13
 7, 51, 17
 7, 51, 25
 8, 9, 21
 8, 9, 22
 8, 9, 23
 8, 9, 25
 8, 9, 29
 8, 9, 42
 8, 9, 43
 8, 9, 45
 8, 9, 46
 8, 9, 47
 8, 9, 48
 8, 9, 49
 8, 9, 50
 8, 9, 51
 8, 9, 52
 8, 9, 53
 8, 9, 54
 8, 10, 29
 8, 10, 42
 8, 10, 43
 8, 10, 45
 8, 10, 46
 8, 10, 47
 8, 10, 48
 8, 10, 49
 8, 10, 50
 8, 10, 51
 8, 10, 52
 8, 10, 53
 8, 10, 54
 8, 11, 22
 8, 11, 29
 8, 11, 31
 8, 11, 36
 8, 11, 39
 8, 11, 40
 8, 11, 42
 8, 11, 43
 8, 11, 45
 8, 11, 47
 8, 11, 48
 8, 11, 50
 8, 11, 52
 8, 11, 53
 8, 11, 54
 8, 12, 18
 8, 12, 22
 8, 12, 23
 8, 12, 31
 8, 12, 34
 8, 12, 38
 8, 12, 39
 8, 12, 40
 8, 12, 42
 8, 12, 43
 8, 12, 44
 8, 12, 45
 8, 12, 46
 8, 12, 48
 8, 12, 49
 8, 12, 50
 8, 12, 51
 8, 12, 52
 8, 12, 53
 8, 12, 54
 8, 18, 12
 8, 18, 22
 8, 18, 23
 8, 18, 25
 8, 18, 29
 8, 18, 34
 8, 18, 42
 8, 18, 43
 8, 18, 45
 8, 18, 47
 8, 18, 48
 8, 18, 49
 8, 18, 50
 8, 18, 51
 8, 18, 52
 8, 18, 53
 8, 18, 54
 8, 19, 25
 8, 19, 43
 8, 19, 48
 8, 19, 50
 8, 19, 51
 8, 20, 29
 8, 20, 36
 8, 20, 43
 8, 20, 44
 8, 20, 46
 8, 20, 53
 8, 20, 54
 8, 21, 9
 8, 21, 29
 8, 21, 46
 8, 21, 47
 8, 21, 48
 8, 21, 49
 8, 21, 50
 8, 21, 53
 8, 21, 54
 8, 22, 9
 8, 22, 11
 8, 22, 12
 8, 22, 18
 8, 22, 25
 8, 22, 29
 8, 22, 42
 8, 22, 43
 8, 22, 47
 8, 22, 48
 8, 22, 49
 8, 22, 50
 8, 22, 51
 8, 22, 52
 8, 22, 53
 8, 22, 54
 8, 23, 9
 8, 23, 12
 8, 23, 18
 8, 23, 29
 8, 23, 46
 8, 23, 48
 8, 23, 49
 8, 23, 50
 8, 23, 53
 8, 25, 9
 8, 25, 18
 8, 25, 19
 8, 25, 22
 8, 25, 29
 8, 25, 46
 8, 25, 47
 8, 25, 48
 8, 25, 49
 8, 25, 50
 8, 25, 51
 8, 25, 52
 8, 25, 53
 8, 25, 54
 8, 29, 9
 8, 29, 10
 8, 29, 11
 8, 29, 18
 8, 29, 20
 8, 29, 21
 8, 29, 22
 8, 29, 23
 8, 29, 25
 8, 29, 30
 8, 29, 31
 8, 29, 34
 8, 29, 36
 8, 29, 38
 8, 29, 39
 8, 29, 40
 8, 29, 41
 8, 29, 42
 8, 29, 43
 8, 29, 44
 8, 29, 46
 8, 29, 47
 8, 29, 48
 8, 29, 52
 8, 29, 53
 8, 30, 29
 8, 30, 31
 8, 30, 42
 8, 30, 43
 8, 30, 45
 8, 30, 46
 8, 30, 47
 8, 30, 48
 8, 30, 49
 8, 30, 51
 8, 30, 53
 8, 30, 54
 8, 31, 11
 8, 31, 12
 8, 31, 29
 8, 31, 30
 8, 31, 34
 8, 31, 36
 8, 31, 37
 8, 31, 39
 8, 31, 40
 8, 31, 42
 8, 31, 43
 8, 31, 45
 8, 31, 47
 8, 31, 48
 8, 31, 49
 8, 31, 50
 8, 31, 51
 8, 31, 53
 8, 31, 54
 8, 34, 12
 8, 34, 18
 8, 34, 29
 8, 34, 31
 8, 34, 36
 8, 34, 37
 8, 34, 39
 8, 34, 40
 8, 34, 42
 8, 34, 43
 8, 34, 44
 8, 34, 45
 8, 34, 46
 8, 34, 47
 8, 34, 48
 8, 34, 49
 8, 34, 50
 8, 34, 51
 8, 34, 52
 8, 34, 53
 8, 34, 54
 8, 36, 11
 8, 36, 20
 8, 36, 29
 8, 36, 31
 8, 36, 34
 8, 36, 46
 8, 36, 51
 8, 36, 52
 8, 36, 53
 8, 36, 54
 8, 37, 31
 8, 37, 34
 8, 37, 40
 8, 37, 43
 8, 37, 47
 8, 37, 48
 8, 37, 49
 8, 37, 50
 8, 37, 52
 8, 37, 53
 8, 37, 54
 8, 38, 12
 8, 38, 29
 8, 38, 43
 8, 38, 45
 8, 38, 47
 8, 38, 48
 8, 38, 52
 8, 38, 53
 8, 38, 54
 8, 39, 11
 8, 39, 12
 8, 39, 29
 8, 39, 31
 8, 39, 34
 8, 39, 43
 8, 39, 45
 8, 39, 46
 8, 39, 48
 8, 39, 49
 8, 39, 50
 8, 39, 51
 8, 39, 52
 8, 39, 53
 8, 39, 54
 8, 40, 11
 8, 40, 12
 8, 40, 29
 8, 40, 31
 8, 40, 34
 8, 40, 37
 8, 40, 42
 8, 40, 43
 8, 40, 48
 8, 40, 49
 8, 40, 50
 8, 40, 52
 8, 40, 53
 8, 40, 54
 8, 41, 29
 8, 41, 44
 8, 41, 46
 8, 41, 50
 8, 41, 51
 8, 41, 52
 8, 41, 53
 8, 41, 54
 8, 42, 9
 8, 42, 10
 8, 42, 11
 8, 42, 12
 8, 42, 18
 8, 42, 22
 8, 42, 29
 8, 42, 30
 8, 42, 31
 8, 42, 34
 8, 42, 40
 8, 42, 43
 8, 42, 47
 8, 42, 48
 8, 42, 49
 8, 42, 50
 8, 42, 53
 8, 42, 54
 8, 42, 56
 8, 43, 9
 8, 43, 10
 8, 43, 11
 8, 43, 12
 8, 43, 18
 8, 43, 19
 8, 43, 20
 8, 43, 22
 8, 43, 29
 8, 43, 30
 8, 43, 31
 8, 43, 34
 8, 43, 37
 8, 43, 38
 8, 43, 39
 8, 43, 40
 8, 43, 42
 8, 43, 45
 8, 43, 47
 8, 43, 48
 8, 43, 49
 8, 43, 50
 8, 43, 51
 8, 43, 52
 8, 43, 53
 8, 43, 54
 8, 44, 12
 8, 44, 20
 8, 44, 29
 8, 44, 34
 8, 44, 41
 8, 44, 46
 8, 44, 50
 8, 44, 53
 8, 44, 54
 8, 45, 9
 8, 45, 10
 8, 45, 11
 8, 45, 12
 8, 45, 18
 8, 45, 30
 8, 45, 31
 8, 45, 34
 8, 45, 38
 8, 45, 39
 8, 45, 43
 8, 45, 46
 8, 45, 47
 8, 45, 48
 8, 45, 49
 8, 45, 52
 8, 45, 53
 8, 45, 54
 8, 46, 9
 8, 46, 10
 8, 46, 12
 8, 46, 20
 8, 46, 21
 8, 46, 23
 8, 46, 25
 8, 46, 29
 8, 46, 30
 8, 46, 34
 8, 46, 36
 8, 46, 39
 8, 46, 41
 8, 46, 44
 8, 46, 45
 8, 46, 52
 8, 46, 54
 8, 47, 9
 8, 47, 10
 8, 47, 11
 8, 47, 18
 8, 47, 21
 8, 47, 22
 8, 47, 25
 8, 47, 29
 8, 47, 30
 8, 47, 31
 8, 47, 34
 8, 47, 37
 8, 47, 38
 8, 47, 42
 8, 47, 43
 8, 47, 45
 8, 47, 54
 8, 48, 9
 8, 48, 10
 8, 48, 11
 8, 48, 12
 8, 48, 18
 8, 48, 19
 8, 48, 21
 8, 48, 22
 8, 48, 23
 8, 48, 25
 8, 48, 29
 8, 48, 30
 8, 48, 31
 8, 48, 34
 8, 48, 37
 8, 48, 38
 8, 48, 39
 8, 48, 40
 8, 48, 42
 8, 48, 43
 8, 48, 45
 8, 48, 49
 8, 48, 50
 8, 48, 54
 8, 49, 9
 8, 49, 10
 8, 49, 12
 8, 49, 18
 8, 49, 21
 8, 49, 22
 8, 49, 23
 8, 49, 25
 8, 49, 30
 8, 49, 31
 8, 49, 34
 8, 49, 37
 8, 49, 39
 8, 49, 40
 8, 49, 42
 8, 49, 43
 8, 49, 45
 8, 49, 48
 8, 49, 50
 8, 49, 54
 8, 50, 9
 8, 50, 10
 8, 50, 11
 8, 50, 12
 8, 50, 18
 8, 50, 19
 8, 50, 21
 8, 50, 22
 8, 50, 23
 8, 50, 25
 8, 50, 31
 8, 50, 34
 8, 50, 37
 8, 50, 39
 8, 50, 40
 8, 50, 41
 8, 50, 42
 8, 50, 43
 8, 50, 44
 8, 50, 48
 8, 50, 49
 8, 50, 53
 8, 50, 54
 8, 51, 9
 8, 51, 10
 8, 51, 12
 8, 51, 18
 8, 51, 19
 8, 51, 22
 8, 51, 25
 8, 51, 30
 8, 51, 31
 8, 51, 34
 8, 51, 36
 8, 51, 39
 8, 51, 41
 8, 51, 43
 8, 51, 54
 8, 52, 9
 8, 52, 10
 8, 52, 11
 8, 52, 12
 8, 52, 18
 8, 52, 22
 8, 52, 25
 8, 52, 29
 8, 52, 34
 8, 52, 36
 8, 52, 37
 8, 52, 38
 8, 52, 39
 8, 52, 40
 8, 52, 41
 8, 52, 43
 8, 52, 45
 8, 52, 46
 8, 52, 54
 8, 53, 9
 8, 53, 10
 8, 53, 11
 8, 53, 12
 8, 53, 18
 8, 53, 20
 8, 53, 21
 8, 53, 22
 8, 53, 23
 8, 53, 25
 8, 53, 29
 8, 53, 30
 8, 53, 31
 8, 53, 34
 8, 53, 36
 8, 53, 37
 8, 53, 38
 8, 53, 39
 8, 53, 40
 8, 53, 41
 8, 53, 42
 8, 53, 43
 8, 53, 44
 8, 53, 45
 8, 53, 50
 8, 53, 54
 8, 54, 9
 8, 54, 10
 8, 54, 11
 8, 54, 12
 8, 54, 18
 8, 54, 20
 8, 54, 21
 8, 54, 22
 8, 54, 25
 8, 54, 30
 8, 54, 31
 8, 54, 34
 8, 54, 36
 8, 54, 37
 8, 54, 38
 8, 54, 39
 8, 54, 40
 8, 54, 41
 8, 54, 42
 8, 54, 43
 8, 54, 44
 8, 54, 45
 8, 54, 46
 8, 54, 47
 8, 54, 48
 8, 54, 49
 8, 54, 50
 8, 54, 51
 8, 54, 52
 8, 54, 53
 8, 56, 42
 9, 14, 21
 9, 14, 22
 9, 14, 29
 9, 14, 43
 9, 14, 45
 9, 14, 46
 9, 14, 48
 9, 14, 49
 9, 14, 50
 9, 14, 51
 9, 14, 52
 9, 14, 53
 9, 14, 54
 9, 21, 14
 9, 21, 29
 9, 21, 46
 9, 21, 47
 9, 21, 48
 9, 21, 49
 9, 21, 50
 9, 21, 53
 9, 21, 54
 9, 22, 14
 9, 22, 25
 9, 22, 29
 9, 22, 35
 9, 22, 42
 9, 22, 43
 9, 22, 47
 9, 22, 48
 9, 22, 49
 9, 22, 50
 9, 22, 51
 9, 22, 52
 9, 22, 53
 9, 22, 54
 9, 23, 29
 9, 23, 46
 9, 23, 48
 9, 23, 49
 9, 23, 50
 9, 23, 53
 9, 25, 22
 9, 25, 29
 9, 25, 46
 9, 25, 47
 9, 25, 48
 9, 25, 49
 9, 25, 50
 9, 25, 51
 9, 25, 52
 9, 25, 53
 9, 25, 54
 9, 29, 14
 9, 29, 21
 9, 29, 22
 9, 29, 23
 9, 29, 25
 9, 29, 35
 9, 29, 42
 9, 29, 43
 9, 29, 46
 9, 29, 47
 9, 29, 48
 9, 29, 52
 9, 29, 53
 9, 35, 22
 9, 35, 29
 9, 35, 42
 9, 35, 43
 9, 35, 45
 9, 35, 48
 9, 35, 50
 9, 35, 51
 9, 35, 52
 9, 35, 53
 9, 35, 54
 9, 42, 22
 9, 42, 29
 9, 42, 35
 9, 42, 43
 9, 42, 47
 9, 42, 48
 9, 42, 49
 9, 42, 50
 9, 42, 53
 9, 42, 54
 9, 43, 14
 9, 43, 22
 9, 43, 29
 9, 43, 35
 9, 43, 42
 9, 43, 45
 9, 43, 47
 9, 43, 48
 9, 43, 49
 9, 43, 50
 9, 43, 51
 9, 43, 52
 9, 43, 53
 9, 43, 54
 9, 45, 14
 9, 45, 35
 9, 45, 43
 9, 45, 46
 9, 45, 47
 9, 45, 48
 9, 45, 49
 9, 45, 52
 9, 45, 53
 9, 45, 54
 9, 46, 14
 9, 46, 21
 9, 46, 23
 9, 46, 25
 9, 46, 29
 9, 46, 45
 9, 46, 52
 9, 46, 54
 9, 47, 21
 9, 47, 22
 9, 47, 25
 9, 47, 29
 9, 47, 42
 9, 47, 43
 9, 47, 45
 9, 47, 54
 9, 48, 14
 9, 48, 21
 9, 48, 22
 9, 48, 23
 9, 48, 25
 9, 48, 29
 9, 48, 35
 9, 48, 42
 9, 48, 43
 9, 48, 45
 9, 48, 49
 9, 48, 50
 9, 48, 54
 9, 49, 14
 9, 49, 21
 9, 49, 22
 9, 49, 23
 9, 49, 25
 9, 49, 42
 9, 49, 43
 9, 49, 45
 9, 49, 48
 9, 49, 50
 9, 49, 54
 9, 50, 14
 9, 50, 21
 9, 50, 22
 9, 50, 23
 9, 50, 25
 9, 50, 35
 9, 50, 42
 9, 50, 43
 9, 50, 48
 9, 50, 49
 9, 50, 53
 9, 50, 54
 9, 51, 14
 9, 51, 22
 9, 51, 25
 9, 51, 35
 9, 51, 43
 9, 51, 54
 9, 52, 14
 9, 52, 22
 9, 52, 25
 9, 52, 29
 9, 52, 35
 9, 52, 43
 9, 52, 45
 9, 52, 46
 9, 52, 54
 9, 53, 14
 9, 53, 21
 9, 53, 22
 9, 53, 23
 9, 53, 25
 9, 53, 29
 9, 53, 35
 9, 53, 42
 9, 53, 43
 9, 53, 45
 9, 53, 50
 9, 53, 54
 9, 54, 14
 9, 54, 21
 9, 54, 22
 9, 54, 25
 9, 54, 35
 9, 54, 42
 9, 54, 43
 9, 54, 45
 9, 54, 46
 9, 54, 47
 9, 54, 48
 9, 54, 49
 9, 54, 50
 9, 54, 51
 9, 54, 52
 9, 54, 53
 10, 29, 42
 10, 29, 43
 10, 29, 46
 10, 29, 47
 10, 29, 48
 10, 29, 52
 10, 29, 53
 10, 42, 29
 10, 42, 43
 10, 42, 47
 10, 42, 48
 10, 42, 49
 10, 42, 50
 10, 42, 53
 10, 42, 54
 10, 43, 29
 10, 43, 42
 10, 43, 45
 10, 43, 47
 10, 43, 48
 10, 43, 49
 10, 43, 50
 10, 43, 51
 10, 43, 52
 10, 43, 53
 10, 43, 54
 10, 45, 43
 10, 45, 46
 10, 45, 47
 10, 45, 48
 10, 45, 49
 10, 45, 52
 10, 45, 53
 10, 45, 54
 10, 46, 29
 10, 46, 45
 10, 46, 52
 10, 46, 54
 10, 47, 29
 10, 47, 42
 10, 47, 43
 10, 47, 45
 10, 47, 54
 10, 48, 29
 10, 48, 42
 10, 48, 43
 10, 48, 45
 10, 48, 49
 10, 48, 50
 10, 48, 54
 10, 49, 42
 10, 49, 43
 10, 49, 45
 10, 49, 48
 10, 49, 50
 10, 49, 54
 10, 50, 42
 10, 50, 43
 10, 50, 48
 10, 50, 49
 10, 50, 53
 10, 50, 54
 10, 51, 43
 10, 51, 54
 10, 52, 29
 10, 52, 43
 10, 52, 45
 10, 52, 46
 10, 52, 54
 10, 53, 29
 10, 53, 42
 10, 53, 43
 10, 53, 45
 10, 53, 50
 10, 53, 54
 10, 54, 42
 10, 54, 43
 10, 54, 45
 10, 54, 46
 10, 54, 47
 10, 54, 48
 10, 54, 49
 10, 54, 50
 10, 54, 51
 10, 54, 52
 10, 54, 53
 11, 22, 29
 11, 22, 42
 11, 22, 43
 11, 22, 47
 11, 22, 48
 11, 22, 50
 11, 22, 52
 11, 22, 53
 11, 22, 54
 11, 29, 22
 11, 29, 31
 11, 29, 36
 11, 29, 39
 11, 29, 40
 11, 29, 42
 11, 29, 43
 11, 29, 47
 11, 29, 48
 11, 29, 52
 11, 29, 53
 11, 31, 29
 11, 31, 36
 11, 31, 39
 11, 31, 40
 11, 31, 42
 11, 31, 43
 11, 31, 45
 11, 31, 47
 11, 31, 48
 11, 31, 50
 11, 31, 53
 11, 31, 54
 11, 36, 29
 11, 36, 31
 11, 36, 52
 11, 36, 53
 11, 36, 54
 11, 39, 29
 11, 39, 31
 11, 39, 43
 11, 39, 45
 11, 39, 48
 11, 39, 50
 11, 39, 52
 11, 39, 53
 11, 39, 54
 11, 40, 29
 11, 40, 31
 11, 40, 42
 11, 40, 43
 11, 40, 48
 11, 40, 50
 11, 40, 52
 11, 40, 53
 11, 40, 54
 11, 42, 22
 11, 42, 29
 11, 42, 31
 11, 42, 40
 11, 42, 43
 11, 42, 47
 11, 42, 48
 11, 42, 50
 11, 42, 53
 11, 42, 54
 11, 43, 22
 11, 43, 29
 11, 43, 31
 11, 43, 39
 11, 43, 40
 11, 43, 42
 11, 43, 45
 11, 43, 47
 11, 43, 48
 11, 43, 50
 11, 43, 52
 11, 43, 53
 11, 43, 54
 11, 45, 31
 11, 45, 39
 11, 45, 43
 11, 45, 47
 11, 45, 48
 11, 45, 52
 11, 45, 53
 11, 45, 54
 11, 47, 22
 11, 47, 29
 11, 47, 31
 11, 47, 42
 11, 47, 43
 11, 47, 45
 11, 47, 54
 11, 48, 22
 11, 48, 29
 11, 48, 31
 11, 48, 39
 11, 48, 40
 11, 48, 42
 11, 48, 43
 11, 48, 45
 11, 48, 50
 11, 48, 54
 11, 50, 22
 11, 50, 31
 11, 50, 39
 11, 50, 40
 11, 50, 42
 11, 50, 43
 11, 50, 48
 11, 50, 53
 11, 50, 54
 11, 52, 22
 11, 52, 29
 11, 52, 36
 11, 52, 39
 11, 52, 40
 11, 52, 43
 11, 52, 45
 11, 52, 54
 11, 53, 22
 11, 53, 29
 11, 53, 31
 11, 53, 36
 11, 53, 39
 11, 53, 40
 11, 53, 42
 11, 53, 43
 11, 53, 45
 11, 53, 50
 11, 53, 54
 11, 54, 22
 11, 54, 31
 11, 54, 36
 11, 54, 39
 11, 54, 40
 11, 54, 42
 11, 54, 43
 11, 54, 45
 11, 54, 47
 11, 54, 48
 11, 54, 50
 11, 54, 52
 11, 54, 53
 12, 18, 22
 12, 18, 23
 12, 18, 34
 12, 18, 42
 12, 18, 43
 12, 18, 45
 12, 18, 48
 12, 18, 49
 12, 18, 50
 12, 18, 51
 12, 18, 52
 12, 18, 53
 12, 18, 54
 12, 22, 18
 12, 22, 42
 12, 22, 43
 12, 22, 48
 12, 22, 49
 12, 22, 50
 12, 22, 51
 12, 22, 52
 12, 22, 53
 12, 22, 54
 12, 23, 18
 12, 23, 46
 12, 23, 48
 12, 23, 49
 12, 23, 50
 12, 23, 53
 12, 31, 34
 12, 31, 39
 12, 31, 40
 12, 31, 42
 12, 31, 43
 12, 31, 45
 12, 31, 48
 12, 31, 49
 12, 31, 50
 12, 31, 51
 12, 31, 53
 12, 31, 54
 12, 34, 18
 12, 34, 31
 12, 34, 39
 12, 34, 40
 12, 34, 42
 12, 34, 43
 12, 34, 44
 12, 34, 45
 12, 34, 46
 12, 34, 48
 12, 34, 49
 12, 34, 50
 12, 34, 51
 12, 34, 52
 12, 34, 53
 12, 34, 54
 12, 38, 43
 12, 38, 45
 12, 38, 48
 12, 38, 52
 12, 38, 53
 12, 38, 54
 12, 39, 31
 12, 39, 34
 12, 39, 43
 12, 39, 45
 12, 39, 46
 12, 39, 48
 12, 39, 49
 12, 39, 50
 12, 39, 51
 12, 39, 52
 12, 39, 53
 12, 39, 54
 12, 40, 31
 12, 40, 34
 12, 40, 42
 12, 40, 43
 12, 40, 48
 12, 40, 49
 12, 40, 50
 12, 40, 52
 12, 40, 53
 12, 40, 54
 12, 42, 18
 12, 42, 22
 12, 42, 31
 12, 42, 34
 12, 42, 40
 12, 42, 43
 12, 42, 48
 12, 42, 49
 12, 42, 50
 12, 42, 53
 12, 42, 54
 12, 43, 18
 12, 43, 22
 12, 43, 31
 12, 43, 34
 12, 43, 38
 12, 43, 39
 12, 43, 40
 12, 43, 42
 12, 43, 45
 12, 43, 48
 12, 43, 49
 12, 43, 50
 12, 43, 51
 12, 43, 52
 12, 43, 53
 12, 43, 54
 12, 44, 34
 12, 44, 46
 12, 44, 50
 12, 44, 53
 12, 44, 54
 12, 45, 18
 12, 45, 31
 12, 45, 34
 12, 45, 38
 12, 45, 39
 12, 45, 43
 12, 45, 46
 12, 45, 48
 12, 45, 49
 12, 45, 52
 12, 45, 53
 12, 45, 54
 12, 46, 23
 12, 46, 34
 12, 46, 39
 12, 46, 44
 12, 46, 45
 12, 46, 52
 12, 46, 54
 12, 48, 18
 12, 48, 22
 12, 48, 23
 12, 48, 31
 12, 48, 34
 12, 48, 38
 12, 48, 39
 12, 48, 40
 12, 48, 42
 12, 48, 43
 12, 48, 45
 12, 48, 49
 12, 48, 50
 12, 48, 54
 12, 49, 18
 12, 49, 22
 12, 49, 23
 12, 49, 31
 12, 49, 34
 12, 49, 39
 12, 49, 40
 12, 49, 42
 12, 49, 43
 12, 49, 45
 12, 49, 48
 12, 49, 50
 12, 49, 54
 12, 50, 18
 12, 50, 22
 12, 50, 23
 12, 50, 31
 12, 50, 34
 12, 50, 39
 12, 50, 40
 12, 50, 42
 12, 50, 43
 12, 50, 44
 12, 50, 48
 12, 50, 49
 12, 50, 53
 12, 50, 54
 12, 51, 18
 12, 51, 22
 12, 51, 31
 12, 51, 34
 12, 51, 39
 12, 51, 43
 12, 51, 54
 12, 52, 18
 12, 52, 22
 12, 52, 34
 12, 52, 38
 12, 52, 39
 12, 52, 40
 12, 52, 43
 12, 52, 45
 12, 52, 46
 12, 52, 54
 12, 53, 18
 12, 53, 22
 12, 53, 23
 12, 53, 31
 12, 53, 34
 12, 53, 38
 12, 53, 39
 12, 53, 40
 12, 53, 42
 12, 53, 43
 12, 53, 44
 12, 53, 45
 12, 53, 50
 12, 53, 54
 12, 54, 18
 12, 54, 22
 12, 54, 31
 12, 54, 34
 12, 54, 38
 12, 54, 39
 12, 54, 40
 12, 54, 42
 12, 54, 43
 12, 54, 44
 12, 54, 45
 12, 54, 46
 12, 54, 48
 12, 54, 49
 12, 54, 50
 12, 54, 51
 12, 54, 52
 12, 54, 53
 13, 15, 17
 13, 15, 21
 13, 15, 29
 13, 15, 46
 13, 15, 47
 13, 15, 48
 13, 17, 15
 13, 17, 29
 13, 17, 46
 13, 17, 47
 13, 17, 48
 13, 17, 50
 13, 17, 51
 13, 17, 53
 13, 17, 54
 13, 21, 15
 13, 21, 29
 13, 21, 46
 13, 21, 47
 13, 21, 48
 13, 21, 50
 13, 21, 53
 13, 21, 54
 13, 26, 45
 13, 29, 15
 13, 29, 17
 13, 29, 21
 13, 29, 43
 13, 29, 46
 13, 29, 47
 13, 29, 48
 13, 29, 53
 13, 43, 29
 13, 43, 45
 13, 43, 47
 13, 43, 48
 13, 43, 50
 13, 43, 51
 13, 43, 53
 13, 43, 54
 13, 45, 26
 13, 45, 43
 13, 45, 46
 13, 45, 47
 13, 45, 48
 13, 45, 53
 13, 45, 54
 13, 46, 15
 13, 46, 17
 13, 46, 21
 13, 46, 29
 13, 46, 45
 13, 46, 54
 13, 47, 15
 13, 47, 17
 13, 47, 21
 13, 47, 29
 13, 47, 43
 13, 47, 45
 13, 47, 54
 13, 48, 15
 13, 48, 17
 13, 48, 21
 13, 48, 29
 13, 48, 43
 13, 48, 45
 13, 48, 50
 13, 48, 54
 13, 50, 17
 13, 50, 21
 13, 50, 43
 13, 50, 48
 13, 50, 53
 13, 50, 54
 13, 51, 17
 13, 51, 43
 13, 51, 54
 13, 53, 17
 13, 53, 21
 13, 53, 29
 13, 53, 43
 13, 53, 45
 13, 53, 50
 13, 53, 54
 13, 54, 17
 13, 54, 21
 13, 54, 43
 13, 54, 45
 13, 54, 46
 13, 54, 47
 13, 54, 48
 13, 54, 50
 13, 54, 51
 13, 54, 53
 14, 17, 29
 14, 17, 46
 14, 17, 48
 14, 17, 49
 14, 17, 50
 14, 17, 51
 14, 17, 52
 14, 17, 53
 14, 17, 54
 14, 21, 29
 14, 21, 46
 14, 21, 48
 14, 21, 49
 14, 21, 50
 14, 21, 53
 14, 21, 54
 14, 22, 29
 14, 22, 43
 14, 22, 48
 14, 22, 49
 14, 22, 50
 14, 22, 51
 14, 22, 52
 14, 22, 53
 14, 22, 54
 14, 26, 45
 14, 29, 17
 14, 29, 21
 14, 29, 22
 14, 29, 39
 14, 29, 43
 14, 29, 46
 14, 29, 48
 14, 29, 52
 14, 29, 53
 14, 39, 29
 14, 39, 43
 14, 39, 45
 14, 39, 46
 14, 39, 48
 14, 39, 49
 14, 39, 50
 14, 39, 51
 14, 39, 52
 14, 39, 53
 14, 39, 54
 14, 43, 22
 14, 43, 29
 14, 43, 39
 14, 43, 45
 14, 43, 48
 14, 43, 49
 14, 43, 50
 14, 43, 51
 14, 43, 52
 14, 43, 53
 14, 43, 54
 14, 45, 26
 14, 45, 39
 14, 45, 43
 14, 45, 46
 14, 45, 48
 14, 45, 49
 14, 45, 52
 14, 45, 53
 14, 45, 54
 14, 46, 17
 14, 46, 21
 14, 46, 29
 14, 46, 39
 14, 46, 45
 14, 46, 52
 14, 46, 54
 14, 48, 17
 14, 48, 21
 14, 48, 22
 14, 48, 29
 14, 48, 39
 14, 48, 43
 14, 48, 45
 14, 48, 49
 14, 48, 50
 14, 48, 54
 14, 49, 17
 14, 49, 21
 14, 49, 22
 14, 49, 39
 14, 49, 43
 14, 49, 45
 14, 49, 48
 14, 49, 50
 14, 49, 54
 14, 50, 17
 14, 50, 21
 14, 50, 22
 14, 50, 39
 14, 50, 43
 14, 50, 48
 14, 50, 49
 14, 50, 53
 14, 50, 54
 14, 51, 17
 14, 51, 22
 14, 51, 39
 14, 51, 43
 14, 51, 54
 14, 52, 17
 14, 52, 22
 14, 52, 29
 14, 52, 39
 14, 52, 43
 14, 52, 45
 14, 52, 46
 14, 52, 54
 14, 53, 17
 14, 53, 21
 14, 53, 22
 14, 53, 29
 14, 53, 39
 14, 53, 43
 14, 53, 45
 14, 53, 50
 14, 53, 54
 14, 54, 17
 14, 54, 21
 14, 54, 22
 14, 54, 39
 14, 54, 43
 14, 54, 45
 14, 54, 46
 14, 54, 48
 14, 54, 49
 14, 54, 50
 14, 54, 51
 14, 54, 52
 14, 54, 53
 15, 16, 29
 15, 16, 46
 15, 16, 47
 15, 16, 48
 15, 17, 29
 15, 17, 46
 15, 17, 47
 15, 17, 48
 15, 21, 29
 15, 21, 46
 15, 21, 47
 15, 21, 48
 15, 25, 29
 15, 25, 46
 15, 25, 47
 15, 25, 48
 15, 29, 16
 15, 29, 17
 15, 29, 21
 15, 29, 25
 15, 29, 30
 15, 29, 46
 15, 29, 47
 15, 29, 48
 15, 30, 29
 15, 30, 46
 15, 30, 47
 15, 30, 48
 15, 37, 47
 15, 37, 48
 15, 46, 16
 15, 46, 17
 15, 46, 21
 15, 46, 25
 15, 46, 29
 15, 46, 30
 15, 47, 16
 15, 47, 17
 15, 47, 21
 15, 47, 25
 15, 47, 29
 15, 47, 30
 15, 47, 37
 15, 48, 16
 15, 48, 17
 15, 48, 21
 15, 48, 25
 15, 48, 29
 15, 48, 30
 15, 48, 37
 16, 29, 46
 16, 29, 47
 16, 29, 48
 16, 29, 52
 16, 29, 53
 16, 45, 46
 16, 45, 47
 16, 45, 48
 16, 45, 49
 16, 45, 52
 16, 45, 53
 16, 45, 54
 16, 46, 29
 16, 46, 45
 16, 46, 52
 16, 46, 54
 16, 47, 29
 16, 47, 45
 16, 47, 54
 16, 48, 29
 16, 48, 45
 16, 48, 49
 16, 48, 50
 16, 48, 54
 16, 49, 45
 16, 49, 48
 16, 49, 50
 16, 49, 54
 16, 50, 48
 16, 50, 49
 16, 50, 53
 16, 50, 54
 16, 51, 54
 16, 52, 29
 16, 52, 45
 16, 52, 46
 16, 52, 54
 16, 53, 29
 16, 53, 45
 16, 53, 50
 16, 53, 54
 16, 54, 45
 16, 54, 46
 16, 54, 47
 16, 54, 48
 16, 54, 49
 16, 54, 50
 16, 54, 51
 16, 54, 52
 16, 54, 53
 17, 29, 46
 17, 29, 47
 17, 29, 48
 17, 29, 52
 17, 29, 53
 17, 46, 29
 17, 46, 52
 17, 46, 54
 17, 47, 29
 17, 47, 54
 17, 48, 29
 17, 48, 49
 17, 48, 50
 17, 48, 54
 17, 49, 48
 17, 49, 50
 17, 49, 54
 17, 50, 48
 17, 50, 49
 17, 50, 53
 17, 50, 54
 17, 51, 54
 17, 52, 29
 17, 52, 46
 17, 52, 54
 17, 53, 29
 17, 53, 50
 17, 53, 54
 17, 54, 46
 17, 54, 47
 17, 54, 48
 17, 54, 49
 17, 54, 50
 17, 54, 51
 17, 54, 52
 17, 54, 53
 18, 22, 25
 18, 22, 29
 18, 22, 42
 18, 22, 43
 18, 22, 47
 18, 22, 48
 18, 22, 49
 18, 22, 50
 18, 22, 51
 18, 22, 52
 18, 22, 53
 18, 22, 54
 18, 23, 29
 18, 23, 48
 18, 23, 49
 18, 23, 50
 18, 23, 53
 18, 25, 22
 18, 25, 29
 18, 25, 47
 18, 25, 48
 18, 25, 49
 18, 25, 50
 18, 25, 51
 18, 25, 52
 18, 25, 53
 18, 25, 54
 18, 29, 22
 18, 29, 23
 18, 29, 25
 18, 29, 34
 18, 29, 42
 18, 29, 43
 18, 29, 47
 18, 29, 48
 18, 29, 52
 18, 29, 53
 18, 34, 29
 18, 34, 42
 18, 34, 43
 18, 34, 45
 18, 34, 47
 18, 34, 48
 18, 34, 49
 18, 34, 50
 18, 34, 51
 18, 34, 52
 18, 34, 53
 18, 34, 54
 18, 42, 22
 18, 42, 29
 18, 42, 34
 18, 42, 43
 18, 42, 47
 18, 42, 48
 18, 42, 49
 18, 42, 50
 18, 42, 53
 18, 42, 54
 18, 43, 22
 18, 43, 29
 18, 43, 34
 18, 43, 42
 18, 43, 45
 18, 43, 47
 18, 43, 48
 18, 43, 49
 18, 43, 50
 18, 43, 51
 18, 43, 52
 18, 43, 53
 18, 43, 54
 18, 45, 34
 18, 45, 43
 18, 45, 47
 18, 45, 48
 18, 45, 49
 18, 45, 52
 18, 45, 53
 18, 45, 54
 18, 47, 22
 18, 47, 25
 18, 47, 29
 18, 47, 34
 18, 47, 42
 18, 47, 43
 18, 47, 45
 18, 47, 54
 18, 48, 22
 18, 48, 23
 18, 48, 25
 18, 48, 29
 18, 48, 34
 18, 48, 42
 18, 48, 43
 18, 48, 45
 18, 48, 49
 18, 48, 50
 18, 48, 54
 18, 49, 22
 18, 49, 23
 18, 49, 25
 18, 49, 34
 18, 49, 42
 18, 49, 43
 18, 49, 45
 18, 49, 48
 18, 49, 50
 18, 49, 54
 18, 50, 22
 18, 50, 23
 18, 50, 25
 18, 50, 34
 18, 50, 42
 18, 50, 43
 18, 50, 48
 18, 50, 49
 18, 50, 53
 18, 50, 54
 18, 51, 22
 18, 51, 25
 18, 51, 34
 18, 51, 43
 18, 51, 54
 18, 52, 22
 18, 52, 25
 18, 52, 29
 18, 52, 34
 18, 52, 43
 18, 52, 45
 18, 52, 54
 18, 53, 22
 18, 53, 23
 18, 53, 25
 18, 53, 29
 18, 53, 34
 18, 53, 42
 18, 53, 43
 18, 53, 45
 18, 53, 50
 18, 53, 54
 18, 54, 22
 18, 54, 25
 18, 54, 34
 18, 54, 42
 18, 54, 43
 18, 54, 45
 18, 54, 47
 18, 54, 48
 18, 54, 49
 18, 54, 50
 18, 54, 51
 18, 54, 52
 18, 54, 53
 19, 25, 48
 19, 25, 50
 19, 25, 51
 19, 35, 43
 19, 35, 48
 19, 35, 50
 19, 35, 51
 19, 43, 35
 19, 43, 48
 19, 43, 50
 19, 43, 51
 19, 48, 25
 19, 48, 35
 19, 48, 43
 19, 48, 50
 19, 50, 25
 19, 50, 35
 19, 50, 43
 19, 50, 48
 19, 51, 25
 19, 51, 35
 19, 51, 43
 20, 29, 35
 20, 29, 36
 20, 29, 43
 20, 29, 44
 20, 29, 46
 20, 29, 53
 20, 35, 29
 20, 35, 43
 20, 35, 53
 20, 35, 54
 20, 36, 29
 20, 36, 46
 20, 36, 53
 20, 36, 54
 20, 43, 29
 20, 43, 35
 20, 43, 53
 20, 43, 54
 20, 44, 29
 20, 44, 46
 20, 44, 53
 20, 44, 54
 20, 46, 29
 20, 46, 36
 20, 46, 44
 20, 46, 54
 20, 53, 29
 20, 53, 35
 20, 53, 36
 20, 53, 43
 20, 53, 44
 20, 53, 54
 20, 54, 35
 20, 54, 36
 20, 54, 43
 20, 54, 44
 20, 54, 46
 20, 54, 53
 21, 29, 46
 21, 29, 47
 21, 29, 48
 21, 29, 53
 21, 46, 29
 21, 46, 54
 21, 47, 29
 21, 47, 54
 21, 48, 29
 21, 48, 49
 21, 48, 50
 21, 48, 54
 21, 49, 48
 21, 49, 50
 21, 49, 54
 21, 50, 48
 21, 50, 49
 21, 50, 53
 21, 50, 54
 21, 53, 29
 21, 53, 50
 21, 53, 54
 21, 54, 46
 21, 54, 47
 21, 54, 48
 21, 54, 49
 21, 54, 50
 21, 54, 53
 22, 25, 29
 22, 25, 47
 22, 25, 48
 22, 25, 49
 22, 25, 50
 22, 25, 51
 22, 25, 52
 22, 25, 53
 22, 25, 54
 22, 29, 25
 22, 29, 35
 22, 29, 42
 22, 29, 43
 22, 29, 47
 22, 29, 48
 22, 29, 52
 22, 29, 53
 22, 35, 29
 22, 35, 42
 22, 35, 43
 22, 35, 48
 22, 35, 50
 22, 35, 51
 22, 35, 52
 22, 35, 53
 22, 35, 54
 22, 42, 29
 22, 42, 35
 22, 42, 43
 22, 42, 47
 22, 42, 48
 22, 42, 49
 22, 42, 50
 22, 42, 53
 22, 42, 54
 22, 43, 29
 22, 43, 35
 22, 43, 42
 22, 43, 47
 22, 43, 48
 22, 43, 49
 22, 43, 50
 22, 43, 51
 22, 43, 52
 22, 43, 53
 22, 43, 54
 22, 47, 25
 22, 47, 29
 22, 47, 42
 22, 47, 43
 22, 47, 54
 22, 48, 25
 22, 48, 29
 22, 48, 35
 22, 48, 42
 22, 48, 43
 22, 48, 49
 22, 48, 50
 22, 48, 54
 22, 49, 25
 22, 49, 42
 22, 49, 43
 22, 49, 48
 22, 49, 50
 22, 49, 54
 22, 50, 25
 22, 50, 35
 22, 50, 42
 22, 50, 43
 22, 50, 48
 22, 50, 49
 22, 50, 53
 22, 50, 54
 22, 51, 25
 22, 51, 35
 22, 51, 43
 22, 51, 54
 22, 52, 25
 22, 52, 29
 22, 52, 35
 22, 52, 43
 22, 52, 54
 22, 53, 25
 22, 53, 29
 22, 53, 35
 22, 53, 42
 22, 53, 43
 22, 53, 50
 22, 53, 54
 22, 54, 25
 22, 54, 35
 22, 54, 42
 22, 54, 43
 22, 54, 47
 22, 54, 48
 22, 54, 49
 22, 54, 50
 22, 54, 51
 22, 54, 52
 22, 54, 53
 23, 29, 46
 23, 29, 48
 23, 29, 53
 23, 46, 29
 23, 48, 29
 23, 48, 49
 23, 48, 50
 23, 49, 48
 23, 49, 50
 23, 50, 48
 23, 50, 49
 23, 50, 53
 23, 53, 29
 23, 53, 50
 24, 29, 41
 24, 29, 44
 24, 29, 53
 24, 41, 29
 24, 41, 44
 24, 41, 53
 24, 44, 29
 24, 44, 41
 24, 44, 53
 24, 53, 29
 24, 53, 41
 24, 53, 44
 25, 29, 46
 25, 29, 47
 25, 29, 48
 25, 29, 52
 25, 29, 53
 25, 46, 29
 25, 46, 52
 25, 46, 54
 25, 47, 29
 25, 47, 54
 25, 48, 29
 25, 48, 49
 25, 48, 50
 25, 48, 54
 25, 49, 48
 25, 49, 50
 25, 49, 54
 25, 50, 48
 25, 50, 49
 25, 50, 53
 25, 50, 54
 25, 51, 54
 25, 52, 29
 25, 52, 46
 25, 52, 54
 25, 53, 29
 25, 53, 50
 25, 53, 54
 25, 54, 46
 25, 54, 47
 25, 54, 48
 25, 54, 49
 25, 54, 50
 25, 54, 51
 25, 54, 52
 25, 54, 53
 27, 48, 49
 27, 48, 50
 27, 49, 48
 27, 49, 50
 27, 50, 48
 27, 50, 49
 27, 50, 53
 27, 53, 50
 28, 29, 46
 28, 29, 53
 28, 46, 29
 28, 46, 54
 28, 50, 53
 28, 50, 54
 28, 51, 54
 28, 53, 29
 28, 53, 50
 28, 53, 54
 28, 54, 46
 28, 54, 50
 28, 54, 51
 28, 54, 53
 29, 30, 31
 29, 30, 35
 29, 30, 42
 29, 30, 43
 29, 30, 46
 29, 30, 47
 29, 30, 48
 29, 30, 53
 29, 31, 30
 29, 31, 34
 29, 31, 35
 29, 31, 36
 29, 31, 39
 29, 31, 40
 29, 31, 42
 29, 31, 43
 29, 31, 47
 29, 31, 48
 29, 31, 53
 29, 34, 31
 29, 34, 36
 29, 34, 39
 29, 34, 40
 29, 34, 42
 29, 34, 43
 29, 34, 44
 29, 34, 46
 29, 34, 47
 29, 34, 48
 29, 34, 52
 29, 34, 53
 29, 35, 30
 29, 35, 31
 29, 35, 40
 29, 35, 42
 29, 35, 43
 29, 35, 48
 29, 35, 52
 29, 35, 53
 29, 36, 31
 29, 36, 34
 29, 36, 46
 29, 36, 52
 29, 36, 53
 29, 38, 43
 29, 38, 47
 29, 38, 48
 29, 38, 52
 29, 38, 53
 29, 39, 31
 29, 39, 34
 29, 39, 43
 29, 39, 46
 29, 39, 48
 29, 39, 52
 29, 39, 53
 29, 40, 31
 29, 40, 34
 29, 40, 35
 29, 40, 42
 29, 40, 43
 29, 40, 48
 29, 40, 52
 29, 40, 53
 29, 41, 44
 29, 41, 46
 29, 41, 52
 29, 41, 53
 29, 42, 30
 29, 42, 31
 29, 42, 34
 29, 42, 35
 29, 42, 40
 29, 42, 43
 29, 42, 47
 29, 42, 48
 29, 42, 53
 29, 43, 30
 29, 43, 31
 29, 43, 34
 29, 43, 35
 29, 43, 38
 29, 43, 39
 29, 43, 40
 29, 43, 42
 29, 43, 47
 29, 43, 48
 29, 43, 52
 29, 43, 53
 29, 44, 34
 29, 44, 41
 29, 44, 46
 29, 44, 53
 29, 46, 30
 29, 46, 34
 29, 46, 36
 29, 46, 39
 29, 46, 41
 29, 46, 44
 29, 46, 52
 29, 47, 30
 29, 47, 31
 29, 47, 34
 29, 47, 38
 29, 47, 42
 29, 47, 43
 29, 48, 30
 29, 48, 31
 29, 48, 34
 29, 48, 35
 29, 48, 38
 29, 48, 39
 29, 48, 40
 29, 48, 42
 29, 48, 43
 29, 52, 34
 29, 52, 35
 29, 52, 36
 29, 52, 38
 29, 52, 39
 29, 52, 40
 29, 52, 41
 29, 52, 43
 29, 52, 46
 29, 53, 30
 29, 53, 31
 29, 53, 34
 29, 53, 35
 29, 53, 36
 29, 53, 38
 29, 53, 39
 29, 53, 40
 29, 53, 41
 29, 53, 42
 29, 53, 43
 29, 53, 44
 30, 31, 35
 30, 31, 42
 30, 31, 43
 30, 31, 45
 30, 31, 47
 30, 31, 48
 30, 31, 49
 30, 31, 51
 30, 31, 53
 30, 31, 54
 30, 32, 48
 30, 33, 46
 30, 33, 48
 30, 33, 53
 30, 33, 54
 30, 35, 31
 30, 35, 42
 30, 35, 43
 30, 35, 45
 30, 35, 48
 30, 35, 51
 30, 35, 53
 30, 35, 54
 30, 42, 31
 30, 42, 35
 30, 42, 43
 30, 42, 47
 30, 42, 48
 30, 42, 49
 30, 42, 53
 30, 42, 54
 30, 43, 31
 30, 43, 35
 30, 43, 42
 30, 43, 45
 30, 43, 47
 30, 43, 48
 30, 43, 49
 30, 43, 51
 30, 43, 53
 30, 43, 54
 30, 45, 31
 30, 45, 35
 30, 45, 43
 30, 45, 46
 30, 45, 47
 30, 45, 48
 30, 45, 49
 30, 45, 53
 30, 45, 54
 30, 46, 33
 30, 46, 45
 30, 46, 54
 30, 47, 31
 30, 47, 42
 30, 47, 43
 30, 47, 45
 30, 47, 54
 30, 48, 31
 30, 48, 32
 30, 48, 33
 30, 48, 35
 30, 48, 42
 30, 48, 43
 30, 48, 45
 30, 48, 49
 30, 48, 54
 30, 49, 31
 30, 49, 42
 30, 49, 43
 30, 49, 45
 30, 49, 48
 30, 49, 54
 30, 51, 31
 30, 51, 35
 30, 51, 43
 30, 51, 54
 30, 53, 31
 30, 53, 33
 30, 53, 35
 30, 53, 42
 30, 53, 43
 30, 53, 45
 30, 53, 54
 30, 54, 31
 30, 54, 33
 30, 54, 35
 30, 54, 42
 30, 54, 43
 30, 54, 45
 30, 54, 46
 30, 54, 47
 30, 54, 48
 30, 54, 49
 30, 54, 51
 30, 54, 53
 31, 34, 36
 31, 34, 37
 31, 34, 39
 31, 34, 40
 31, 34, 42
 31, 34, 43
 31, 34, 45
 31, 34, 47
 31, 34, 48
 31, 34, 49
 31, 34, 50
 31, 34, 51
 31, 34, 53
 31, 34, 54
 31, 35, 40
 31, 35, 42
 31, 35, 43
 31, 35, 45
 31, 35, 48
 31, 35, 50
 31, 35, 51
 31, 35, 53
 31, 35, 54
 31, 36, 34
 31, 36, 51
 31, 36, 53
 31, 36, 54
 31, 37, 34
 31, 37, 40
 31, 37, 43
 31, 37, 47
 31, 37, 48
 31, 37, 49
 31, 37, 50
 31, 37, 53
 31, 37, 54
 31, 39, 34
 31, 39, 43
 31, 39, 45
 31, 39, 48
 31, 39, 49
 31, 39, 50
 31, 39, 51
 31, 39, 53
 31, 39, 54
 31, 40, 34
 31, 40, 35
 31, 40, 37
 31, 40, 42
 31, 40, 43
 31, 40, 48
 31, 40, 49
 31, 40, 50
 31, 40, 53
 31, 40, 54
 31, 42, 34
 31, 42, 35
 31, 42, 40
 31, 42, 43
 31, 42, 47
 31, 42, 48
 31, 42, 49
 31, 42, 50
 31, 42, 53
 31, 42, 54
 31, 43, 34
 31, 43, 35
 31, 43, 37
 31, 43, 39
 31, 43, 40
 31, 43, 42
 31, 43, 45
 31, 43, 47
 31, 43, 48
 31, 43, 49
 31, 43, 50
 31, 43, 51
 31, 43, 53
 31, 43, 54
 31, 45, 34
 31, 45, 35
 31, 45, 39
 31, 45, 43
 31, 45, 47
 31, 45, 48
 31, 45, 49
 31, 45, 53
 31, 45, 54
 31, 47, 34
 31, 47, 37
 31, 47, 42
 31, 47, 43
 31, 47, 45
 31, 47, 54
 31, 48, 34
 31, 48, 35
 31, 48, 37
 31, 48, 39
 31, 48, 40
 31, 48, 42
 31, 48, 43
 31, 48, 45
 31, 48, 49
 31, 48, 50
 31, 48, 54
 31, 49, 34
 31, 49, 37
 31, 49, 39
 31, 49, 40
 31, 49, 42
 31, 49, 43
 31, 49, 45
 31, 49, 48
 31, 49, 50
 31, 49, 54
 31, 50, 34
 31, 50, 35
 31, 50, 37
 31, 50, 39
 31, 50, 40
 31, 50, 42
 31, 50, 43
 31, 50, 48
 31, 50, 49
 31, 50, 53
 31, 50, 54
 31, 51, 34
 31, 51, 35
 31, 51, 36
 31, 51, 39
 31, 51, 43
 31, 51, 54
 31, 53, 34
 31, 53, 35
 31, 53, 36
 31, 53, 37
 31, 53, 39
 31, 53, 40
 31, 53, 42
 31, 53, 43
 31, 53, 45
 31, 53, 50
 31, 53, 54
 31, 54, 34
 31, 54, 35
 31, 54, 36
 31, 54, 37
 31, 54, 39
 31, 54, 40
 31, 54, 42
 31, 54, 43
 31, 54, 45
 31, 54, 47
 31, 54, 48
 31, 54, 49
 31, 54, 50
 31, 54, 51
 31, 54, 53
 32, 48, 50
 32, 50, 48
 33, 46, 54
 33, 48, 50
 33, 48, 54
 33, 50, 48
 33, 50, 53
 33, 50, 54
 33, 53, 50
 33, 53, 54
 33, 54, 46
 33, 54, 48
 33, 54, 50
 33, 54, 53
 34, 36, 46
 34, 36, 51
 34, 36, 52
 34, 36, 53
 34, 36, 54
 34, 37, 40
 34, 37, 43
 34, 37, 47
 34, 37, 48
 34, 37, 49
 34, 37, 50
 34, 37, 52
 34, 37, 53
 34, 37, 54
 34, 39, 43
 34, 39, 45
 34, 39, 46
 34, 39, 48
 34, 39, 49
 34, 39, 50
 34, 39, 51
 34, 39, 52
 34, 39, 53
 34, 39, 54
 34, 40, 37
 34, 40, 42
 34, 40, 43
 34, 40, 48
 34, 40, 49
 34, 40, 50
 34, 40, 52
 34, 40, 53
 34, 40, 54
 34, 42, 40
 34, 42, 43
 34, 42, 47
 34, 42, 48
 34, 42, 49
 34, 42, 50
 34, 42, 53
 34, 42, 54
 34, 43, 37
 34, 43, 39
 34, 43, 40
 34, 43, 42
 34, 43, 45
 34, 43, 47
 34, 43, 48
 34, 43, 49
 34, 43, 50
 34, 43, 51
 34, 43, 52
 34, 43, 53
 34, 43, 54
 34, 44, 46
 34, 44, 50
 34, 44, 53
 34, 44, 54
 34, 45, 39
 34, 45, 43
 34, 45, 46
 34, 45, 47
 34, 45, 48
 34, 45, 49
 34, 45, 52
 34, 45, 53
 34, 45, 54
 34, 46, 36
 34, 46, 39
 34, 46, 44
 34, 46, 45
 34, 46, 52
 34, 46, 54
 34, 47, 37
 34, 47, 42
 34, 47, 43
 34, 47, 45
 34, 47, 54
 34, 48, 37
 34, 48, 39
 34, 48, 40
 34, 48, 42
 34, 48, 43
 34, 48, 45
 34, 48, 49
 34, 48, 50
 34, 48, 54
 34, 49, 37
 34, 49, 39
 34, 49, 40
 34, 49, 42
 34, 49, 43
 34, 49, 45
 34, 49, 48
 34, 49, 50
 34, 49, 54
 34, 50, 37
 34, 50, 39
 34, 50, 40
 34, 50, 42
 34, 50, 43
 34, 50, 44
 34, 50, 48
 34, 50, 49
 34, 50, 53
 34, 50, 54
 34, 51, 36
 34, 51, 39
 34, 51, 43
 34, 51, 54
 34, 52, 36
 34, 52, 37
 34, 52, 39
 34, 52, 40
 34, 52, 43
 34, 52, 45
 34, 52, 46
 34, 52, 54
 34, 53, 36
 34, 53, 37
 34, 53, 39
 34, 53, 40
 34, 53, 42
 34, 53, 43
 34, 53, 44
 34, 53, 45
 34, 53, 50
 34, 53, 54
 34, 54, 36
 34, 54, 37
 34, 54, 39
 34, 54, 40
 34, 54, 42
 34, 54, 43
 34, 54, 44
 34, 54, 45
 34, 54, 46
 34, 54, 47
 34, 54, 48
 34, 54, 49
 34, 54, 50
 34, 54, 51
 34, 54, 52
 34, 54, 53
 35, 40, 42
 35, 40, 43
 35, 40, 48
 35, 40, 50
 35, 40, 52
 35, 40, 53
 35, 40, 54
 35, 42, 40
 35, 42, 43
 35, 42, 48
 35, 42, 50
 35, 42, 53
 35, 42, 54
 35, 42, 56
 35, 43, 40
 35, 43, 42
 35, 43, 45
 35, 43, 48
 35, 43, 50
 35, 43, 51
 35, 43, 52
 35, 43, 53
 35, 43, 54
 35, 45, 43
 35, 45, 48
 35, 45, 52
 35, 45, 53
 35, 45, 54
 35, 48, 40
 35, 48, 42
 35, 48, 43
 35, 48, 45
 35, 48, 50
 35, 48, 54
 35, 50, 40
 35, 50, 42
 35, 50, 43
 35, 50, 48
 35, 50, 53
 35, 50, 54
 35, 51, 43
 35, 51, 54
 35, 52, 40
 35, 52, 43
 35, 52, 45
 35, 52, 54
 35, 53, 40
 35, 53, 42
 35, 53, 43
 35, 53, 45
 35, 53, 50
 35, 53, 54
 35, 54, 40
 35, 54, 42
 35, 54, 43
 35, 54, 45
 35, 54, 48
 35, 54, 50
 35, 54, 51
 35, 54, 52
 35, 54, 53
 35, 56, 42
 36, 46, 52
 36, 46, 54
 36, 51, 54
 36, 52, 46
 36, 52, 54
 36, 53, 54
 36, 54, 46
 36, 54, 51
 36, 54, 52
 36, 54, 53
 37, 40, 43
 37, 40, 48
 37, 40, 49
 37, 40, 50
 37, 40, 52
 37, 40, 53
 37, 40, 54
 37, 43, 40
 37, 43, 47
 37, 43, 48
 37, 43, 49
 37, 43, 50
 37, 43, 52
 37, 43, 53
 37, 43, 54
 37, 47, 43
 37, 47, 54
 37, 48, 40
 37, 48, 43
 37, 48, 49
 37, 48, 50
 37, 48, 54
 37, 49, 40
 37, 49, 43
 37, 49, 48
 37, 49, 50
 37, 49, 54
 37, 50, 40
 37, 50, 43
 37, 50, 48
 37, 50, 49
 37, 50, 53
 37, 50, 54
 37, 52, 40
 37, 52, 43
 37, 52, 54
 37, 53, 40
 37, 53, 43
 37, 53, 50
 37, 53, 54
 37, 54, 40
 37, 54, 43
 37, 54, 47
 37, 54, 48
 37, 54, 49
 37, 54, 50
 37, 54, 52
 37, 54, 53
 38, 43, 45
 38, 43, 47
 38, 43, 48
 38, 43, 52
 38, 43, 53
 38, 43, 54
 38, 45, 43
 38, 45, 47
 38, 45, 48
 38, 45, 52
 38, 45, 53
 38, 45, 54
 38, 47, 43
 38, 47, 45
 38, 47, 54
 38, 48, 43
 38, 48, 45
 38, 48, 54
 38, 52, 43
 38, 52, 45
 38, 52, 54
 38, 53, 43
 38, 53, 45
 38, 53, 54
 38, 54, 43
 38, 54, 45
 38, 54, 47
 38, 54, 48
 38, 54, 52
 38, 54, 53
 39, 43, 45
 39, 43, 48
 39, 43, 49
 39, 43, 50
 39, 43, 51
 39, 43, 52
 39, 43, 53
 39, 43, 54
 39, 45, 43
 39, 45, 46
 39, 45, 48
 39, 45, 49
 39, 45, 52
 39, 45, 53
 39, 45, 54
 39, 46, 45
 39, 46, 52
 39, 46, 54
 39, 48, 43
 39, 48, 45
 39, 48, 49
 39, 48, 50
 39, 48, 54
 39, 49, 43
 39, 49, 45
 39, 49, 48
 39, 49, 50
 39, 49, 54
 39, 50, 43
 39, 50, 48
 39, 50, 49
 39, 50, 53
 39, 50, 54
 39, 51, 43
 39, 51, 54
 39, 52, 43
 39, 52, 45
 39, 52, 46
 39, 52, 54
 39, 53, 43
 39, 53, 45
 39, 53, 50
 39, 53, 54
 39, 54, 43
 39, 54, 45
 39, 54, 46
 39, 54, 48
 39, 54, 49
 39, 54, 50
 39, 54, 51
 39, 54, 52
 39, 54, 53
 40, 42, 43
 40, 42, 48
 40, 42, 49
 40, 42, 50
 40, 42, 53
 40, 42, 54
 40, 43, 42
 40, 43, 48
 40, 43, 49
 40, 43, 50
 40, 43, 52
 40, 43, 53
 40, 43, 54
 40, 48, 42
 40, 48, 43
 40, 48, 49
 40, 48, 50
 40, 48, 54
 40, 49, 42
 40, 49, 43
 40, 49, 48
 40, 49, 50
 40, 49, 54
 40, 50, 42
 40, 50, 43
 40, 50, 48
 40, 50, 49
 40, 50, 53
 40, 50, 54
 40, 52, 43
 40, 52, 54
 40, 53, 42
 40, 53, 43
 40, 53, 50
 40, 53, 54
 40, 54, 42
 40, 54, 43
 40, 54, 48
 40, 54, 49
 40, 54, 50
 40, 54, 52
 40, 54, 53
 41, 44, 46
 41, 44, 50
 41, 44, 53
 41, 44, 54
 41, 46, 44
 41, 46, 52
 41, 46, 54
 41, 50, 44
 41, 50, 53
 41, 50, 54
 41, 51, 54
 41, 52, 46
 41, 52, 54
 41, 53, 44
 41, 53, 50
 41, 53, 54
 41, 54, 44
 41, 54, 46
 41, 54, 50
 41, 54, 51
 41, 54, 52
 41, 54, 53
 42, 43, 47
 42, 43, 48
 42, 43, 49
 42, 43, 50
 42, 43, 53
 42, 43, 54
 42, 47, 43
 42, 47, 54
 42, 48, 43
 42, 48, 49
 42, 48, 50
 42, 48, 54
 42, 49, 43
 42, 49, 48
 42, 49, 50
 42, 49, 54
 42, 50, 43
 42, 50, 48
 42, 50, 49
 42, 50, 53
 42, 50, 54
 42, 53, 43
 42, 53, 50
 42, 53, 54
 42, 54, 43
 42, 54, 47
 42, 54, 48
 42, 54, 49
 42, 54, 50
 42, 54, 53
 43, 45, 47
 43, 45, 48
 43, 45, 49
 43, 45, 52
 43, 45, 53
 43, 45, 54
 43, 47, 45
 43, 47, 54
 43, 48, 45
 43, 48, 49
 43, 48, 50
 43, 48, 54
 43, 49, 45
 43, 49, 48
 43, 49, 50
 43, 49, 54
 43, 50, 48
 43, 50, 49
 43, 50, 53
 43, 50, 54
 43, 51, 54
 43, 52, 45
 43, 52, 54
 43, 53, 45
 43, 53, 50
 43, 53, 54
 43, 54, 45
 43, 54, 47
 43, 54, 48
 43, 54, 49
 43, 54, 50
 43, 54, 51
 43, 54, 52
 43, 54, 53
 44, 46, 54
 44, 50, 53
 44, 50, 54
 44, 53, 50
 44, 53, 54
 44, 53, 55
 44, 54, 46
 44, 54, 50
 44, 54, 53
 44, 54, 55
 44, 55, 53
 44, 55, 54
 45, 46, 52
 45, 46, 54
 45, 47, 54
 45, 48, 49
 45, 48, 54
 45, 49, 48
 45, 49, 54
 45, 52, 46
 45, 52, 54
 45, 53, 54
 45, 54, 46
 45, 54, 47
 45, 54, 48
 45, 54, 49
 45, 54, 52
 45, 54, 53
 46, 52, 54
 46, 54, 52
 47, 54, 55
 47, 55, 54
 48, 49, 50
 48, 49, 54
 48, 50, 49
 48, 50, 54
 48, 54, 49
 48, 54, 50
 49, 50, 54
 49, 54, 50
 49, 54, 55
 49, 55, 54
 50, 53, 54
 50, 54, 53
 51, 54, 55
 51, 55, 54
 52, 54, 55
 52, 55, 54
 53, 54, 55
 53, 55, 54
