0, 1, 2
 0, 1, 4
 0, 1, 6
 0, 1, 8
 0, 1, 10
 0, 1, 13
 0, 1, 14
 0, 1, 16
 0, 1, 18
 0, 1, 20
 0, 1, 21
 0, 1, 26
 0, 1, 31
 0, 1, 35
 0, 1, 36
 0, 2, 1
 0, 2, 4
 0, 2, 6
 0, 2, 10
 0, 2, 14
 0, 2, 16
 0, 2, 17
 0, 2, 18
 0, 2, 21
 0, 2, 22
 0, 2, 26
 0, 2, 29
 0, 2, 30
 0, 2, 31
 0, 2, 32
 0, 2, 36
 0, 4, 1
 0, 4, 2
 0, 4, 16
 0, 4, 18
 0, 4, 21
 0, 4, 26
 0, 4, 29
 0, 4, 30
 0, 4, 31
 0, 4, 32
 0, 4, 35
 0, 4, 36
 0, 5, 16
 0, 5, 18
 0, 5, 21
 0, 5, 36
 0, 6, 1
 0, 6, 2
 0, 6, 10
 0, 6, 15
 0, 6, 16
 0, 6, 17
 0, 6, 18
 0, 6, 20
 0, 6, 21
 0, 6, 22
 0, 6, 26
 0, 6, 29
 0, 6, 30
 0, 6, 31
 0, 6, 32
 0, 6, 36
 0, 8, 1
 0, 8, 14
 0, 8, 15
 0, 8, 16
 0, 8, 17
 0, 8, 18
 0, 8, 20
 0, 8, 21
 0, 8, 22
 0, 8, 26
 0, 8, 29
 0, 8, 30
 0, 8, 36
 0, 10, 1
 0, 10, 2
 0, 10, 6
 0, 10, 14
 0, 10, 15
 0, 10, 16
 0, 10, 18
 0, 10, 20
 0, 10, 21
 0, 10, 26
 0, 10, 29
 0, 10, 30
 0, 10, 31
 0, 10, 36
 0, 13, 1
 0, 13, 16
 0, 13, 21
 0, 13, 29
 0, 13, 30
 0, 13, 31
 0, 13, 32
 0, 13, 36
 0, 14, 1
 0, 14, 2
 0, 14, 8
 0, 14, 10
 0, 14, 16
 0, 14, 21
 0, 14, 22
 0, 14, 26
 0, 14, 29
 0, 14, 30
 0, 14, 31
 0, 14, 32
 0, 14, 36
 0, 15, 6
 0, 15, 8
 0, 15, 10
 0, 15, 29
 0, 15, 30
 0, 15, 31
 0, 16, 1
 0, 16, 2
 0, 16, 4
 0, 16, 5
 0, 16, 6
 0, 16, 8
 0, 16, 10
 0, 16, 13
 0, 16, 14
 0, 16, 18
 0, 16, 21
 0, 16, 22
 0, 16, 26
 0, 16, 29
 0, 16, 30
 0, 16, 31
 0, 16, 32
 0, 16, 35
 0, 16, 36
 0, 17, 2
 0, 17, 6
 0, 17, 8
 0, 17, 21
 0, 17, 22
 0, 17, 26
 0, 17, 30
 0, 17, 31
 0, 17, 32
 0, 17, 36
 0, 18, 1
 0, 18, 2
 0, 18, 4
 0, 18, 5
 0, 18, 6
 0, 18, 8
 0, 18, 10
 0, 18, 16
 0, 18, 21
 0, 18, 29
 0, 18, 30
 0, 18, 31
 0, 18, 32
 0, 18, 35
 0, 18, 36
 0, 20, 1
 0, 20, 6
 0, 20, 8
 0, 20, 10
 0, 20, 21
 0, 20, 26
 0, 20, 30
 0, 20, 31
 0, 20, 32
 0, 20, 35
 0, 21, 1
 0, 21, 2
 0, 21, 4
 0, 21, 5
 0, 21, 6
 0, 21, 8
 0, 21, 10
 0, 21, 13
 0, 21, 14
 0, 21, 16
 0, 21, 17
 0, 21, 18
 0, 21, 20
 0, 21, 22
 0, 21, 26
 0, 21, 29
 0, 21, 30
 0, 21, 31
 0, 21, 32
 0, 21, 36
 0, 22, 2
 0, 22, 6
 0, 22, 8
 0, 22, 14
 0, 22, 16
 0, 22, 17
 0, 22, 21
 0, 22, 31
 0, 22, 32
 0, 22, 35
 0, 22, 36
 0, 26, 1
 0, 26, 2
 0, 26, 4
 0, 26, 6
 0, 26, 8
 0, 26, 10
 0, 26, 14
 0, 26, 16
 0, 26, 17
 0, 26, 20
 0, 26, 21
 0, 26, 30
 0, 26, 31
 0, 26, 35
 0, 26, 36
 0, 28, 31
 0, 29, 2
 0, 29, 4
 0, 29, 6
 0, 29, 8
 0, 29, 10
 0, 29, 13
 0, 29, 14
 0, 29, 15
 0, 29, 16
 0, 29, 18
 0, 29, 21
 0, 29, 30
 0, 29, 32
 0, 29, 35
 0, 29, 36
 0, 30, 2
 0, 30, 4
 0, 30, 6
 0, 30, 8
 0, 30, 10
 0, 30, 13
 0, 30, 14
 0, 30, 15
 0, 30, 16
 0, 30, 17
 0, 30, 18
 0, 30, 20
 0, 30, 21
 0, 30, 26
 0, 30, 29
 0, 30, 31
 0, 30, 32
 0, 30, 35
 0, 30, 36
 0, 31, 1
 0, 31, 2
 0, 31, 4
 0, 31, 6
 0, 31, 10
 0, 31, 13
 0, 31, 14
 0, 31, 15
 0, 31, 16
 0, 31, 17
 0, 31, 18
 0, 31, 20
 0, 31, 21
 0, 31, 22
 0, 31, 26
 0, 31, 28
 0, 31, 30
 0, 31, 35
 0, 32, 2
 0, 32, 4
 0, 32, 6
 0, 32, 13
 0, 32, 14
 0, 32, 16
 0, 32, 17
 0, 32, 18
 0, 32, 20
 0, 32, 21
 0, 32, 22
 0, 32, 29
 0, 32, 30
 0, 35, 1
 0, 35, 4
 0, 35, 16
 0, 35, 18
 0, 35, 20
 0, 35, 22
 0, 35, 26
 0, 35, 29
 0, 35, 30
 0, 35, 31
 0, 36, 1
 0, 36, 2
 0, 36, 4
 0, 36, 5
 0, 36, 6
 0, 36, 8
 0, 36, 10
 0, 36, 13
 0, 36, 14
 0, 36, 16
 0, 36, 17
 0, 36, 18
 0, 36, 21
 0, 36, 22
 0, 36, 26
 0, 36, 29
 0, 36, 30
 1, 2, 4
 1, 2, 6
 1, 2, 10
 1, 2, 14
 1, 2, 16
 1, 2, 18
 1, 2, 21
 1, 2, 23
 1, 2, 24
 1, 2, 26
 1, 2, 31
 1, 2, 36
 1, 3, 16
 1, 3, 21
 1, 3, 24
 1, 3, 26
 1, 3, 31
 1, 3, 36
 1, 4, 2
 1, 4, 16
 1, 4, 18
 1, 4, 21
 1, 4, 23
 1, 4, 24
 1, 4, 26
 1, 4, 31
 1, 4, 33
 1, 4, 35
 1, 4, 36
 1, 6, 2
 1, 6, 10
 1, 6, 16
 1, 6, 18
 1, 6, 20
 1, 6, 21
 1, 6, 23
 1, 6, 24
 1, 6, 26
 1, 6, 31
 1, 6, 33
 1, 6, 36
 1, 7, 10
 1, 7, 14
 1, 7, 16
 1, 7, 18
 1, 7, 21
 1, 7, 23
 1, 7, 24
 1, 7, 31
 1, 7, 36
 1, 8, 12
 1, 8, 14
 1, 8, 16
 1, 8, 18
 1, 8, 20
 1, 8, 21
 1, 8, 24
 1, 8, 26
 1, 8, 36
 1, 10, 2
 1, 10, 6
 1, 10, 7
 1, 10, 14
 1, 10, 16
 1, 10, 18
 1, 10, 20
 1, 10, 21
 1, 10, 23
 1, 10, 24
 1, 10, 26
 1, 10, 31
 1, 10, 36
 1, 12, 8
 1, 12, 16
 1, 12, 18
 1, 12, 20
 1, 12, 21
 1, 12, 24
 1, 12, 26
 1, 12, 31
 1, 13, 16
 1, 13, 21
 1, 13, 31
 1, 13, 36
 1, 14, 2
 1, 14, 7
 1, 14, 8
 1, 14, 10
 1, 14, 16
 1, 14, 21
 1, 14, 24
 1, 14, 26
 1, 14, 31
 1, 14, 36
 1, 16, 2
 1, 16, 3
 1, 16, 4
 1, 16, 6
 1, 16, 7
 1, 16, 8
 1, 16, 10
 1, 16, 12
 1, 16, 13
 1, 16, 14
 1, 16, 18
 1, 16, 21
 1, 16, 23
 1, 16, 24
 1, 16, 26
 1, 16, 31
 1, 16, 35
 1, 16, 36
 1, 18, 2
 1, 18, 4
 1, 18, 6
 1, 18, 7
 1, 18, 8
 1, 18, 10
 1, 18, 12
 1, 18, 16
 1, 18, 21
 1, 18, 24
 1, 18, 31
 1, 18, 33
 1, 18, 35
 1, 18, 36
 1, 20, 6
 1, 20, 8
 1, 20, 10
 1, 20, 12
 1, 20, 21
 1, 20, 23
 1, 20, 26
 1, 20, 31
 1, 20, 33
 1, 20, 35
 1, 21, 2
 1, 21, 3
 1, 21, 4
 1, 21, 6
 1, 21, 7
 1, 21, 8
 1, 21, 10
 1, 21, 12
 1, 21, 13
 1, 21, 14
 1, 21, 16
 1, 21, 18
 1, 21, 20
 1, 21, 24
 1, 21, 26
 1, 21, 27
 1, 21, 31
 1, 21, 33
 1, 21, 36
 1, 23, 2
 1, 23, 4
 1, 23, 6
 1, 23, 7
 1, 23, 10
 1, 23, 16
 1, 23, 20
 1, 23, 24
 1, 23, 26
 1, 23, 31
 1, 23, 36
 1, 24, 2
 1, 24, 3
 1, 24, 4
 1, 24, 6
 1, 24, 7
 1, 24, 8
 1, 24, 10
 1, 24, 12
 1, 24, 14
 1, 24, 16
 1, 24, 18
 1, 24, 21
 1, 24, 23
 1, 24, 31
 1, 24, 33
 1, 24, 35
 1, 24, 36
 1, 26, 2
 1, 26, 3
 1, 26, 4
 1, 26, 6
 1, 26, 8
 1, 26, 10
 1, 26, 12
 1, 26, 14
 1, 26, 16
 1, 26, 20
 1, 26, 21
 1, 26, 23
 1, 26, 31
 1, 26, 33
 1, 26, 35
 1, 26, 36
 1, 27, 21
 1, 27, 35
 1, 27, 36
 1, 31, 2
 1, 31, 3
 1, 31, 4
 1, 31, 6
 1, 31, 7
 1, 31, 10
 1, 31, 12
 1, 31, 13
 1, 31, 14
 1, 31, 16
 1, 31, 18
 1, 31, 20
 1, 31, 21
 1, 31, 23
 1, 31, 24
 1, 31, 26
 1, 31, 33
 1, 31, 35
 1, 33, 4
 1, 33, 6
 1, 33, 18
 1, 33, 20
 1, 33, 21
 1, 33, 24
 1, 33, 26
 1, 33, 31
 1, 33, 35
 1, 35, 4
 1, 35, 16
 1, 35, 18
 1, 35, 20
 1, 35, 24
 1, 35, 26
 1, 35, 27
 1, 35, 31
 1, 35, 33
 1, 36, 2
 1, 36, 3
 1, 36, 4
 1, 36, 6
 1, 36, 7
 1, 36, 8
 1, 36, 10
 1, 36, 13
 1, 36, 14
 1, 36, 16
 1, 36, 18
 1, 36, 21
 1, 36, 23
 1, 36, 24
 1, 36, 26
 1, 36, 27
 2, 4, 16
 2, 4, 18
 2, 4, 21
 2, 4, 23
 2, 4, 24
 2, 4, 26
 2, 4, 29
 2, 4, 30
 2, 4, 31
 2, 4, 32
 2, 4, 36
 2, 6, 9
 2, 6, 10
 2, 6, 16
 2, 6, 17
 2, 6, 18
 2, 6, 21
 2, 6, 22
 2, 6, 23
 2, 6, 24
 2, 6, 25
 2, 6, 26
 2, 6, 29
 2, 6, 30
 2, 6, 31
 2, 6, 32
 2, 6, 36
 2, 9, 6
 2, 9, 21
 2, 9, 22
 2, 9, 32
 2, 9, 36
 2, 10, 6
 2, 10, 14
 2, 10, 16
 2, 10, 18
 2, 10, 21
 2, 10, 23
 2, 10, 24
 2, 10, 26
 2, 10, 29
 2, 10, 30
 2, 10, 31
 2, 10, 36
 2, 14, 10
 2, 14, 16
 2, 14, 21
 2, 14, 22
 2, 14, 24
 2, 14, 26
 2, 14, 29
 2, 14, 30
 2, 14, 31
 2, 14, 32
 2, 14, 36
 2, 16, 4
 2, 16, 6
 2, 16, 10
 2, 16, 14
 2, 16, 18
 2, 16, 21
 2, 16, 22
 2, 16, 23
 2, 16, 24
 2, 16, 25
 2, 16, 26
 2, 16, 29
 2, 16, 30
 2, 16, 31
 2, 16, 32
 2, 16, 36
 2, 17, 6
 2, 17, 21
 2, 17, 22
 2, 17, 26
 2, 17, 30
 2, 17, 31
 2, 17, 32
 2, 17, 36
 2, 18, 4
 2, 18, 6
 2, 18, 10
 2, 18, 16
 2, 18, 21
 2, 18, 24
 2, 18, 25
 2, 18, 29
 2, 18, 30
 2, 18, 31
 2, 18, 32
 2, 18, 36
 2, 21, 4
 2, 21, 6
 2, 21, 9
 2, 21, 10
 2, 21, 14
 2, 21, 16
 2, 21, 17
 2, 21, 18
 2, 21, 22
 2, 21, 24
 2, 21, 25
 2, 21, 26
 2, 21, 29
 2, 21, 30
 2, 21, 31
 2, 21, 32
 2, 21, 36
 2, 22, 6
 2, 22, 9
 2, 22, 14
 2, 22, 16
 2, 22, 17
 2, 22, 21
 2, 22, 23
 2, 22, 25
 2, 22, 31
 2, 22, 32
 2, 22, 36
 2, 23, 4
 2, 23, 6
 2, 23, 10
 2, 23, 16
 2, 23, 22
 2, 23, 24
 2, 23, 26
 2, 23, 29
 2, 23, 30
 2, 23, 31
 2, 23, 32
 2, 23, 36
 2, 24, 4
 2, 24, 6
 2, 24, 10
 2, 24, 14
 2, 24, 16
 2, 24, 18
 2, 24, 21
 2, 24, 23
 2, 24, 29
 2, 24, 30
 2, 24, 31
 2, 24, 32
 2, 24, 36
 2, 25, 6
 2, 25, 16
 2, 25, 18
 2, 25, 21
 2, 25, 22
 2, 25, 31
 2, 25, 32
 2, 25, 36
 2, 26, 4
 2, 26, 6
 2, 26, 10
 2, 26, 14
 2, 26, 16
 2, 26, 17
 2, 26, 21
 2, 26, 23
 2, 26, 30
 2, 26, 31
 2, 26, 36
 2, 29, 4
 2, 29, 6
 2, 29, 10
 2, 29, 14
 2, 29, 16
 2, 29, 18
 2, 29, 21
 2, 29, 23
 2, 29, 24
 2, 29, 30
 2, 29, 32
 2, 29, 36
 2, 30, 4
 2, 30, 6
 2, 30, 10
 2, 30, 14
 2, 30, 16
 2, 30, 17
 2, 30, 18
 2, 30, 21
 2, 30, 23
 2, 30, 24
 2, 30, 26
 2, 30, 29
 2, 30, 31
 2, 30, 32
 2, 30, 36
 2, 31, 4
 2, 31, 6
 2, 31, 10
 2, 31, 14
 2, 31, 16
 2, 31, 17
 2, 31, 18
 2, 31, 21
 2, 31, 22
 2, 31, 23
 2, 31, 24
 2, 31, 25
 2, 31, 26
 2, 31, 30
 2, 32, 4
 2, 32, 6
 2, 32, 9
 2, 32, 14
 2, 32, 16
 2, 32, 17
 2, 32, 18
 2, 32, 21
 2, 32, 22
 2, 32, 23
 2, 32, 24
 2, 32, 25
 2, 32, 29
 2, 32, 30
 2, 36, 4
 2, 36, 6
 2, 36, 9
 2, 36, 10
 2, 36, 14
 2, 36, 16
 2, 36, 17
 2, 36, 18
 2, 36, 21
 2, 36, 22
 2, 36, 23
 2, 36, 24
 2, 36, 25
 2, 36, 26
 2, 36, 29
 2, 36, 30
 3, 16, 21
 3, 16, 24
 3, 16, 25
 3, 16, 26
 3, 16, 31
 3, 16, 36
 3, 21, 16
 3, 21, 24
 3, 21, 25
 3, 21, 26
 3, 21, 31
 3, 21, 36
 3, 24, 16
 3, 24, 21
 3, 24, 31
 3, 24, 36
 3, 25, 16
 3, 25, 21
 3, 25, 31
 3, 25, 36
 3, 26, 16
 3, 26, 21
 3, 26, 31
 3, 26, 36
 3, 31, 16
 3, 31, 21
 3, 31, 24
 3, 31, 25
 3, 31, 26
 3, 36, 16
 3, 36, 21
 3, 36, 24
 3, 36, 25
 3, 36, 26
 4, 16, 18
 4, 16, 21
 4, 16, 23
 4, 16, 24
 4, 16, 26
 4, 16, 29
 4, 16, 30
 4, 16, 31
 4, 16, 32
 4, 16, 34
 4, 16, 35
 4, 16, 36
 4, 18, 16
 4, 18, 21
 4, 18, 24
 4, 18, 29
 4, 18, 30
 4, 18, 31
 4, 18, 32
 4, 18, 33
 4, 18, 34
 4, 18, 35
 4, 18, 36
 4, 21, 16
 4, 21, 18
 4, 21, 24
 4, 21, 26
 4, 21, 29
 4, 21, 30
 4, 21, 31
 4, 21, 32
 4, 21, 33
 4, 21, 36
 4, 23, 16
 4, 23, 24
 4, 23, 26
 4, 23, 29
 4, 23, 30
 4, 23, 31
 4, 23, 32
 4, 23, 36
 4, 24, 16
 4, 24, 18
 4, 24, 21
 4, 24, 23
 4, 24, 29
 4, 24, 30
 4, 24, 31
 4, 24, 32
 4, 24, 33
 4, 24, 35
 4, 24, 36
 4, 26, 16
 4, 26, 21
 4, 26, 23
 4, 26, 30
 4, 26, 31
 4, 26, 33
 4, 26, 35
 4, 26, 36
 4, 29, 16
 4, 29, 18
 4, 29, 21
 4, 29, 23
 4, 29, 24
 4, 29, 30
 4, 29, 32
 4, 29, 33
 4, 29, 34
 4, 29, 35
 4, 29, 36
 4, 30, 16
 4, 30, 18
 4, 30, 21
 4, 30, 23
 4, 30, 24
 4, 30, 26
 4, 30, 29
 4, 30, 31
 4, 30, 32
 4, 30, 33
 4, 30, 35
 4, 30, 36
 4, 31, 16
 4, 31, 18
 4, 31, 21
 4, 31, 23
 4, 31, 24
 4, 31, 26
 4, 31, 30
 4, 31, 33
 4, 31, 35
 4, 32, 16
 4, 32, 18
 4, 32, 21
 4, 32, 23
 4, 32, 24
 4, 32, 29
 4, 32, 30
 4, 33, 18
 4, 33, 21
 4, 33, 24
 4, 33, 26
 4, 33, 29
 4, 33, 30
 4, 33, 31
 4, 33, 35
 4, 34, 16
 4, 34, 18
 4, 34, 29
 4, 34, 36
 4, 35, 16
 4, 35, 18
 4, 35, 24
 4, 35, 26
 4, 35, 29
 4, 35, 30
 4, 35, 31
 4, 35, 33
 4, 36, 16
 4, 36, 18
 4, 36, 21
 4, 36, 23
 4, 36, 24
 4, 36, 26
 4, 36, 29
 4, 36, 30
 4, 36, 34
 5, 16, 18
 5, 16, 21
 5, 16, 24
 5, 16, 36
 5, 18, 16
 5, 18, 21
 5, 18, 24
 5, 18, 36
 5, 21, 16
 5, 21, 18
 5, 21, 24
 5, 21, 36
 5, 24, 16
 5, 24, 18
 5, 24, 21
 5, 24, 36
 5, 36, 16
 5, 36, 18
 5, 36, 21
 5, 36, 24
 6, 9, 11
 6, 9, 20
 6, 9, 21
 6, 9, 22
 6, 9, 32
 6, 9, 36
 6, 10, 11
 6, 10, 15
 6, 10, 16
 6, 10, 18
 6, 10, 20
 6, 10, 21
 6, 10, 23
 6, 10, 24
 6, 10, 26
 6, 10, 29
 6, 10, 30
 6, 10, 31
 6, 10, 36
 6, 11, 9
 6, 11, 10
 6, 11, 15
 6, 11, 18
 6, 11, 20
 6, 11, 24
 6, 11, 26
 6, 11, 33
 6, 15, 10
 6, 15, 11
 6, 15, 25
 6, 15, 29
 6, 15, 30
 6, 15, 31
 6, 15, 33
 6, 16, 10
 6, 16, 18
 6, 16, 21
 6, 16, 22
 6, 16, 23
 6, 16, 24
 6, 16, 25
 6, 16, 26
 6, 16, 29
 6, 16, 30
 6, 16, 31
 6, 16, 32
 6, 16, 36
 6, 17, 21
 6, 17, 22
 6, 17, 26
 6, 17, 30
 6, 17, 31
 6, 17, 32
 6, 17, 36
 6, 18, 10
 6, 18, 11
 6, 18, 16
 6, 18, 21
 6, 18, 24
 6, 18, 25
 6, 18, 29
 6, 18, 30
 6, 18, 31
 6, 18, 32
 6, 18, 33
 6, 18, 36
 6, 20, 9
 6, 20, 10
 6, 20, 11
 6, 20, 21
 6, 20, 23
 6, 20, 25
 6, 20, 26
 6, 20, 30
 6, 20, 31
 6, 20, 32
 6, 20, 33
 6, 21, 9
 6, 21, 10
 6, 21, 16
 6, 21, 17
 6, 21, 18
 6, 21, 20
 6, 21, 22
 6, 21, 24
 6, 21, 25
 6, 21, 26
 6, 21, 29
 6, 21, 30
 6, 21, 31
 6, 21, 32
 6, 21, 33
 6, 21, 36
 6, 22, 9
 6, 22, 16
 6, 22, 17
 6, 22, 21
 6, 22, 23
 6, 22, 25
 6, 22, 31
 6, 22, 32
 6, 22, 33
 6, 22, 36
 6, 23, 10
 6, 23, 16
 6, 23, 20
 6, 23, 22
 6, 23, 24
 6, 23, 26
 6, 23, 29
 6, 23, 30
 6, 23, 31
 6, 23, 32
 6, 23, 36
 6, 24, 10
 6, 24, 11
 6, 24, 16
 6, 24, 18
 6, 24, 21
 6, 24, 23
 6, 24, 29
 6, 24, 30
 6, 24, 31
 6, 24, 32
 6, 24, 33
 6, 24, 36
 6, 25, 15
 6, 25, 16
 6, 25, 18
 6, 25, 20
 6, 25, 21
 6, 25, 22
 6, 25, 31
 6, 25, 32
 6, 25, 33
 6, 25, 36
 6, 26, 10
 6, 26, 11
 6, 26, 16
 6, 26, 17
 6, 26, 20
 6, 26, 21
 6, 26, 23
 6, 26, 30
 6, 26, 31
 6, 26, 33
 6, 26, 36
 6, 29, 10
 6, 29, 15
 6, 29, 16
 6, 29, 18
 6, 29, 21
 6, 29, 23
 6, 29, 24
 6, 29, 30
 6, 29, 32
 6, 29, 33
 6, 29, 36
 6, 30, 10
 6, 30, 15
 6, 30, 16
 6, 30, 17
 6, 30, 18
 6, 30, 20
 6, 30, 21
 6, 30, 23
 6, 30, 24
 6, 30, 26
 6, 30, 29
 6, 30, 31
 6, 30, 32
 6, 30, 33
 6, 30, 36
 6, 31, 10
 6, 31, 15
 6, 31, 16
 6, 31, 17
 6, 31, 18
 6, 31, 20
 6, 31, 21
 6, 31, 22
 6, 31, 23
 6, 31, 24
 6, 31, 25
 6, 31, 26
 6, 31, 30
 6, 31, 33
 6, 32, 9
 6, 32, 16
 6, 32, 17
 6, 32, 18
 6, 32, 20
 6, 32, 21
 6, 32, 22
 6, 32, 23
 6, 32, 24
 6, 32, 25
 6, 32, 29
 6, 32, 30
 6, 33, 11
 6, 33, 15
 6, 33, 18
 6, 33, 20
 6, 33, 21
 6, 33, 22
 6, 33, 24
 6, 33, 25
 6, 33, 26
 6, 33, 29
 6, 33, 30
 6, 33, 31
 6, 36, 9
 6, 36, 10
 6, 36, 16
 6, 36, 17
 6, 36, 18
 6, 36, 21
 6, 36, 22
 6, 36, 23
 6, 36, 24
 6, 36, 25
 6, 36, 26
 6, 36, 29
 6, 36, 30
 7, 10, 14
 7, 10, 16
 7, 10, 18
 7, 10, 21
 7, 10, 23
 7, 10, 24
 7, 10, 29
 7, 10, 30
 7, 10, 31
 7, 10, 36
 7, 14, 10
 7, 14, 16
 7, 14, 21
 7, 14, 24
 7, 14, 29
 7, 14, 30
 7, 14, 31
 7, 14, 36
 7, 16, 10
 7, 16, 14
 7, 16, 18
 7, 16, 21
 7, 16, 23
 7, 16, 24
 7, 16, 25
 7, 16, 29
 7, 16, 30
 7, 16, 31
 7, 16, 36
 7, 18, 10
 7, 18, 16
 7, 18, 21
 7, 18, 24
 7, 18, 25
 7, 18, 29
 7, 18, 30
 7, 18, 31
 7, 18, 36
 7, 21, 10
 7, 21, 14
 7, 21, 16
 7, 21, 18
 7, 21, 24
 7, 21, 25
 7, 21, 29
 7, 21, 30
 7, 21, 31
 7, 21, 36
 7, 23, 10
 7, 23, 16
 7, 23, 24
 7, 23, 29
 7, 23, 30
 7, 23, 31
 7, 23, 36
 7, 24, 10
 7, 24, 14
 7, 24, 16
 7, 24, 18
 7, 24, 21
 7, 24, 23
 7, 24, 29
 7, 24, 30
 7, 24, 31
 7, 24, 36
 7, 25, 16
 7, 25, 18
 7, 25, 21
 7, 25, 31
 7, 25, 36
 7, 29, 10
 7, 29, 14
 7, 29, 16
 7, 29, 18
 7, 29, 21
 7, 29, 23
 7, 29, 24
 7, 29, 30
 7, 29, 36
 7, 30, 10
 7, 30, 14
 7, 30, 16
 7, 30, 18
 7, 30, 21
 7, 30, 23
 7, 30, 24
 7, 30, 29
 7, 30, 31
 7, 30, 36
 7, 31, 10
 7, 31, 14
 7, 31, 16
 7, 31, 18
 7, 31, 21
 7, 31, 23
 7, 31, 24
 7, 31, 25
 7, 31, 30
 7, 36, 10
 7, 36, 14
 7, 36, 16
 7, 36, 18
 7, 36, 21
 7, 36, 23
 7, 36, 24
 7, 36, 25
 7, 36, 29
 7, 36, 30
 8, 12, 15
 8, 12, 16
 8, 12, 18
 8, 12, 20
 8, 12, 21
 8, 12, 22
 8, 12, 24
 8, 12, 25
 8, 12, 26
 8, 14, 16
 8, 14, 21
 8, 14, 22
 8, 14, 24
 8, 14, 26
 8, 14, 29
 8, 14, 30
 8, 14, 36
 8, 15, 12
 8, 15, 25
 8, 15, 29
 8, 15, 30
 8, 16, 12
 8, 16, 14
 8, 16, 18
 8, 16, 21
 8, 16, 22
 8, 16, 24
 8, 16, 25
 8, 16, 26
 8, 16, 29
 8, 16, 30
 8, 16, 36
 8, 17, 21
 8, 17, 22
 8, 17, 26
 8, 17, 30
 8, 17, 36
 8, 18, 12
 8, 18, 16
 8, 18, 21
 8, 18, 24
 8, 18, 25
 8, 18, 29
 8, 18, 30
 8, 18, 36
 8, 20, 12
 8, 20, 21
 8, 20, 25
 8, 20, 26
 8, 20, 30
 8, 21, 12
 8, 21, 14
 8, 21, 16
 8, 21, 17
 8, 21, 18
 8, 21, 20
 8, 21, 22
 8, 21, 24
 8, 21, 25
 8, 21, 26
 8, 21, 29
 8, 21, 30
 8, 21, 36
 8, 22, 12
 8, 22, 14
 8, 22, 16
 8, 22, 17
 8, 22, 21
 8, 22, 25
 8, 22, 36
 8, 24, 12
 8, 24, 14
 8, 24, 16
 8, 24, 18
 8, 24, 21
 8, 24, 29
 8, 24, 30
 8, 24, 36
 8, 25, 12
 8, 25, 15
 8, 25, 16
 8, 25, 18
 8, 25, 20
 8, 25, 21
 8, 25, 22
 8, 25, 36
 8, 26, 12
 8, 26, 14
 8, 26, 16
 8, 26, 17
 8, 26, 20
 8, 26, 21
 8, 26, 30
 8, 26, 36
 8, 29, 14
 8, 29, 15
 8, 29, 16
 8, 29, 18
 8, 29, 21
 8, 29, 24
 8, 29, 30
 8, 29, 36
 8, 30, 14
 8, 30, 15
 8, 30, 16
 8, 30, 17
 8, 30, 18
 8, 30, 20
 8, 30, 21
 8, 30, 24
 8, 30, 26
 8, 30, 29
 8, 30, 36
 8, 36, 14
 8, 36, 16
 8, 36, 17
 8, 36, 18
 8, 36, 21
 8, 36, 22
 8, 36, 24
 8, 36, 25
 8, 36, 26
 8, 36, 29
 8, 36, 30
 9, 11, 20
 9, 20, 11
 9, 20, 21
 9, 20, 32
 9, 21, 20
 9, 21, 22
 9, 21, 32
 9, 21, 36
 9, 22, 21
 9, 22, 32
 9, 22, 36
 9, 32, 20
 9, 32, 21
 9, 32, 22
 9, 36, 21
 9, 36, 22
 10, 11, 15
 10, 11, 18
 10, 11, 20
 10, 11, 24
 10, 11, 26
 10, 14, 16
 10, 14, 21
 10, 14, 24
 10, 14, 26
 10, 14, 29
 10, 14, 30
 10, 14, 31
 10, 14, 36
 10, 15, 11
 10, 15, 29
 10, 15, 30
 10, 15, 31
 10, 16, 14
 10, 16, 18
 10, 16, 21
 10, 16, 23
 10, 16, 24
 10, 16, 26
 10, 16, 29
 10, 16, 30
 10, 16, 31
 10, 16, 36
 10, 18, 11
 10, 18, 16
 10, 18, 21
 10, 18, 24
 10, 18, 29
 10, 18, 30
 10, 18, 31
 10, 18, 36
 10, 20, 11
 10, 20, 21
 10, 20, 23
 10, 20, 26
 10, 20, 30
 10, 20, 31
 10, 21, 14
 10, 21, 16
 10, 21, 18
 10, 21, 20
 10, 21, 24
 10, 21, 26
 10, 21, 29
 10, 21, 30
 10, 21, 31
 10, 21, 36
 10, 23, 16
 10, 23, 20
 10, 23, 24
 10, 23, 26
 10, 23, 29
 10, 23, 30
 10, 23, 31
 10, 23, 36
 10, 24, 11
 10, 24, 14
 10, 24, 16
 10, 24, 18
 10, 24, 21
 10, 24, 23
 10, 24, 29
 10, 24, 30
 10, 24, 31
 10, 24, 36
 10, 26, 11
 10, 26, 14
 10, 26, 16
 10, 26, 20
 10, 26, 21
 10, 26, 23
 10, 26, 30
 10, 26, 31
 10, 26, 36
 10, 29, 14
 10, 29, 15
 10, 29, 16
 10, 29, 18
 10, 29, 21
 10, 29, 23
 10, 29, 24
 10, 29, 30
 10, 29, 36
 10, 30, 14
 10, 30, 15
 10, 30, 16
 10, 30, 18
 10, 30, 20
 10, 30, 21
 10, 30, 23
 10, 30, 24
 10, 30, 26
 10, 30, 29
 10, 30, 31
 10, 30, 36
 10, 31, 14
 10, 31, 15
 10, 31, 16
 10, 31, 18
 10, 31, 20
 10, 31, 21
 10, 31, 23
 10, 31, 24
 10, 31, 26
 10, 31, 30
 10, 36, 14
 10, 36, 16
 10, 36, 18
 10, 36, 21
 10, 36, 23
 10, 36, 24
 10, 36, 26
 10, 36, 29
 10, 36, 30
 11, 15, 33
 11, 18, 24
 11, 18, 33
 11, 20, 26
 11, 20, 33
 11, 24, 18
 11, 24, 33
 11, 26, 20
 11, 26, 33
 11, 33, 15
 11, 33, 18
 11, 33, 20
 11, 33, 24
 11, 33, 26
 12, 15, 25
 12, 15, 31
 12, 16, 18
 12, 16, 21
 12, 16, 22
 12, 16, 24
 12, 16, 25
 12, 16, 26
 12, 16, 31
 12, 18, 16
 12, 18, 21
 12, 18, 24
 12, 18, 25
 12, 18, 31
 12, 20, 21
 12, 20, 25
 12, 20, 26
 12, 20, 31
 12, 21, 16
 12, 21, 18
 12, 21, 20
 12, 21, 22
 12, 21, 24
 12, 21, 25
 12, 21, 26
 12, 21, 31
 12, 22, 16
 12, 22, 21
 12, 22, 25
 12, 22, 31
 12, 24, 16
 12, 24, 18
 12, 24, 21
 12, 24, 31
 12, 25, 15
 12, 25, 16
 12, 25, 18
 12, 25, 20
 12, 25, 21
 12, 25, 22
 12, 25, 31
 12, 26, 16
 12, 26, 20
 12, 26, 21
 12, 26, 31
 12, 31, 15
 12, 31, 16
 12, 31, 18
 12, 31, 20
 12, 31, 21
 12, 31, 22
 12, 31, 24
 12, 31, 25
 12, 31, 26
 13, 16, 21
 13, 16, 29
 13, 16, 30
 13, 16, 31
 13, 16, 32
 13, 16, 34
 13, 16, 36
 13, 21, 16
 13, 21, 29
 13, 21, 30
 13, 21, 31
 13, 21, 32
 13, 21, 36
 13, 29, 16
 13, 29, 21
 13, 29, 30
 13, 29, 32
 13, 29, 34
 13, 29, 36
 13, 30, 16
 13, 30, 21
 13, 30, 29
 13, 30, 31
 13, 30, 32
 13, 30, 36
 13, 31, 16
 13, 31, 21
 13, 31, 30
 13, 32, 16
 13, 32, 21
 13, 32, 29
 13, 32, 30
 13, 34, 16
 13, 34, 29
 13, 34, 36
 13, 36, 16
 13, 36, 21
 13, 36, 29
 13, 36, 30
 13, 36, 34
 14, 16, 21
 14, 16, 22
 14, 16, 24
 14, 16, 26
 14, 16, 29
 14, 16, 30
 14, 16, 31
 14, 16, 32
 14, 16, 36
 14, 21, 16
 14, 21, 22
 14, 21, 24
 14, 21, 26
 14, 21, 29
 14, 21, 30
 14, 21, 31
 14, 21, 32
 14, 21, 36
 14, 22, 16
 14, 22, 21
 14, 22, 31
 14, 22, 32
 14, 22, 36
 14, 24, 16
 14, 24, 21
 14, 24, 29
 14, 24, 30
 14, 24, 31
 14, 24, 32
 14, 24, 36
 14, 26, 16
 14, 26, 21
 14, 26, 30
 14, 26, 31
 14, 26, 36
 14, 29, 16
 14, 29, 21
 14, 29, 24
 14, 29, 30
 14, 29, 32
 14, 29, 36
 14, 30, 16
 14, 30, 21
 14, 30, 24
 14, 30, 26
 14, 30, 29
 14, 30, 31
 14, 30, 32
 14, 30, 36
 14, 31, 16
 14, 31, 21
 14, 31, 22
 14, 31, 24
 14, 31, 26
 14, 31, 30
 14, 32, 16
 14, 32, 21
 14, 32, 22
 14, 32, 24
 14, 32, 29
 14, 32, 30
 14, 36, 16
 14, 36, 21
 14, 36, 22
 14, 36, 24
 14, 36, 26
 14, 36, 29
 14, 36, 30
 15, 25, 31
 15, 25, 33
 15, 29, 30
 15, 29, 33
 15, 30, 29
 15, 30, 31
 15, 30, 33
 15, 31, 25
 15, 31, 30
 15, 31, 33
 15, 33, 25
 15, 33, 29
 15, 33, 30
 15, 33, 31
 16, 18, 19
 16, 18, 21
 16, 18, 24
 16, 18, 25
 16, 18, 29
 16, 18, 30
 16, 18, 31
 16, 18, 32
 16, 18, 34
 16, 18, 35
 16, 18, 36
 16, 19, 18
 16, 19, 21
 16, 19, 24
 16, 19, 31
 16, 19, 36
 16, 21, 18
 16, 21, 19
 16, 21, 22
 16, 21, 24
 16, 21, 25
 16, 21, 26
 16, 21, 29
 16, 21, 30
 16, 21, 31
 16, 21, 32
 16, 21, 36
 16, 22, 21
 16, 22, 23
 16, 22, 25
 16, 22, 31
 16, 22, 32
 16, 22, 35
 16, 22, 36
 16, 23, 22
 16, 23, 24
 16, 23, 26
 16, 23, 29
 16, 23, 30
 16, 23, 31
 16, 23, 32
 16, 23, 36
 16, 24, 18
 16, 24, 19
 16, 24, 21
 16, 24, 23
 16, 24, 29
 16, 24, 30
 16, 24, 31
 16, 24, 32
 16, 24, 35
 16, 24, 36
 16, 25, 18
 16, 25, 21
 16, 25, 22
 16, 25, 31
 16, 25, 32
 16, 25, 36
 16, 26, 21
 16, 26, 23
 16, 26, 30
 16, 26, 31
 16, 26, 35
 16, 26, 36
 16, 29, 18
 16, 29, 21
 16, 29, 23
 16, 29, 24
 16, 29, 30
 16, 29, 32
 16, 29, 34
 16, 29, 35
 16, 29, 36
 16, 30, 18
 16, 30, 21
 16, 30, 23
 16, 30, 24
 16, 30, 26
 16, 30, 29
 16, 30, 31
 16, 30, 32
 16, 30, 35
 16, 30, 36
 16, 31, 18
 16, 31, 19
 16, 31, 21
 16, 31, 22
 16, 31, 23
 16, 31, 24
 16, 31, 25
 16, 31, 26
 16, 31, 30
 16, 31, 35
 16, 32, 18
 16, 32, 21
 16, 32, 22
 16, 32, 23
 16, 32, 24
 16, 32, 25
 16, 32, 29
 16, 32, 30
 16, 34, 18
 16, 34, 29
 16, 34, 36
 16, 35, 18
 16, 35, 22
 16, 35, 24
 16, 35, 26
 16, 35, 29
 16, 35, 30
 16, 35, 31
 16, 36, 18
 16, 36, 19
 16, 36, 21
 16, 36, 22
 16, 36, 23
 16, 36, 24
 16, 36, 25
 16, 36, 26
 16, 36, 29
 16, 36, 30
 16, 36, 34
 17, 21, 22
 17, 21, 26
 17, 21, 30
 17, 21, 31
 17, 21, 32
 17, 21, 36
 17, 22, 21
 17, 22, 31
 17, 22, 32
 17, 22, 36
 17, 26, 21
 17, 26, 30
 17, 26, 31
 17, 26, 36
 17, 30, 21
 17, 30, 26
 17, 30, 31
 17, 30, 32
 17, 30, 36
 17, 31, 21
 17, 31, 22
 17, 31, 26
 17, 31, 30
 17, 32, 21
 17, 32, 22
 17, 32, 30
 17, 36, 21
 17, 36, 22
 17, 36, 26
 17, 36, 30
 18, 19, 21
 18, 19, 24
 18, 19, 31
 18, 19, 36
 18, 21, 19
 18, 21, 24
 18, 21, 25
 18, 21, 29
 18, 21, 30
 18, 21, 31
 18, 21, 32
 18, 21, 33
 18, 21, 36
 18, 24, 19
 18, 24, 21
 18, 24, 29
 18, 24, 30
 18, 24, 31
 18, 24, 32
 18, 24, 33
 18, 24, 35
 18, 24, 36
 18, 25, 21
 18, 25, 31
 18, 25, 32
 18, 25, 33
 18, 25, 36
 18, 29, 21
 18, 29, 24
 18, 29, 30
 18, 29, 32
 18, 29, 33
 18, 29, 34
 18, 29, 35
 18, 29, 36
 18, 30, 21
 18, 30, 24
 18, 30, 29
 18, 30, 31
 18, 30, 32
 18, 30, 33
 18, 30, 35
 18, 30, 36
 18, 31, 19
 18, 31, 21
 18, 31, 24
 18, 31, 25
 18, 31, 30
 18, 31, 33
 18, 31, 35
 18, 32, 21
 18, 32, 24
 18, 32, 25
 18, 32, 29
 18, 32, 30
 18, 33, 21
 18, 33, 24
 18, 33, 25
 18, 33, 29
 18, 33, 30
 18, 33, 31
 18, 33, 35
 18, 34, 29
 18, 34, 36
 18, 35, 24
 18, 35, 29
 18, 35, 30
 18, 35, 31
 18, 35, 33
 18, 36, 19
 18, 36, 21
 18, 36, 24
 18, 36, 25
 18, 36, 29
 18, 36, 30
 18, 36, 34
 19, 21, 24
 19, 21, 31
 19, 21, 36
 19, 24, 21
 19, 24, 31
 19, 24, 36
 19, 31, 21
 19, 31, 24
 19, 36, 21
 19, 36, 24
 20, 21, 25
 20, 21, 26
 20, 21, 30
 20, 21, 31
 20, 21, 32
 20, 21, 33
 20, 23, 26
 20, 23, 30
 20, 23, 31
 20, 23, 32
 20, 25, 21
 20, 25, 31
 20, 25, 32
 20, 25, 33
 20, 26, 21
 20, 26, 23
 20, 26, 30
 20, 26, 31
 20, 26, 33
 20, 26, 35
 20, 30, 21
 20, 30, 23
 20, 30, 26
 20, 30, 31
 20, 30, 32
 20, 30, 33
 20, 30, 35
 20, 31, 21
 20, 31, 23
 20, 31, 25
 20, 31, 26
 20, 31, 30
 20, 31, 33
 20, 31, 35
 20, 32, 21
 20, 32, 23
 20, 32, 25
 20, 32, 30
 20, 33, 21
 20, 33, 25
 20, 33, 26
 20, 33, 30
 20, 33, 31
 20, 33, 35
 20, 35, 26
 20, 35, 30
 20, 35, 31
 20, 35, 33
 21, 22, 25
 21, 22, 31
 21, 22, 32
 21, 22, 33
 21, 22, 36
 21, 24, 29
 21, 24, 30
 21, 24, 31
 21, 24, 32
 21, 24, 33
 21, 24, 36
 21, 25, 22
 21, 25, 31
 21, 25, 32
 21, 25, 33
 21, 25, 36
 21, 26, 30
 21, 26, 31
 21, 26, 33
 21, 26, 36
 21, 27, 32
 21, 27, 36
 21, 29, 24
 21, 29, 30
 21, 29, 32
 21, 29, 33
 21, 29, 36
 21, 30, 24
 21, 30, 26
 21, 30, 29
 21, 30, 31
 21, 30, 32
 21, 30, 33
 21, 30, 36
 21, 31, 22
 21, 31, 24
 21, 31, 25
 21, 31, 26
 21, 31, 30
 21, 31, 33
 21, 32, 22
 21, 32, 24
 21, 32, 25
 21, 32, 27
 21, 32, 29
 21, 32, 30
 21, 33, 22
 21, 33, 24
 21, 33, 25
 21, 33, 26
 21, 33, 29
 21, 33, 30
 21, 33, 31
 21, 36, 22
 21, 36, 24
 21, 36, 25
 21, 36, 26
 21, 36, 27
 21, 36, 29
 21, 36, 30
 22, 23, 31
 22, 23, 32
 22, 23, 36
 22, 25, 31
 22, 25, 32
 22, 25, 33
 22, 25, 36
 22, 31, 23
 22, 31, 25
 22, 31, 33
 22, 31, 35
 22, 32, 23
 22, 32, 25
 22, 33, 25
 22, 33, 31
 22, 33, 35
 22, 35, 31
 22, 35, 33
 22, 36, 23
 22, 36, 25
 23, 24, 29
 23, 24, 30
 23, 24, 31
 23, 24, 32
 23, 24, 36
 23, 26, 30
 23, 26, 31
 23, 26, 36
 23, 29, 24
 23, 29, 30
 23, 29, 32
 23, 29, 36
 23, 30, 24
 23, 30, 26
 23, 30, 29
 23, 30, 31
 23, 30, 32
 23, 30, 36
 23, 31, 24
 23, 31, 26
 23, 31, 30
 23, 32, 24
 23, 32, 29
 23, 32, 30
 23, 36, 24
 23, 36, 26
 23, 36, 29
 23, 36, 30
 24, 29, 30
 24, 29, 32
 24, 29, 33
 24, 29, 35
 24, 29, 36
 24, 30, 29
 24, 30, 31
 24, 30, 32
 24, 30, 33
 24, 30, 35
 24, 30, 36
 24, 31, 30
 24, 31, 33
 24, 31, 35
 24, 32, 29
 24, 32, 30
 24, 33, 29
 24, 33, 30
 24, 33, 31
 24, 33, 35
 24, 35, 29
 24, 35, 30
 24, 35, 31
 24, 35, 33
 24, 36, 29
 24, 36, 30
 25, 31, 33
 25, 33, 31
 26, 30, 31
 26, 30, 33
 26, 30, 35
 26, 30, 36
 26, 31, 30
 26, 31, 33
 26, 31, 35
 26, 33, 30
 26, 33, 31
 26, 33, 35
 26, 35, 30
 26, 35, 31
 26, 35, 33
 26, 36, 30
 29, 30, 32
 29, 30, 33
 29, 30, 35
 29, 30, 36
 29, 32, 30
 29, 33, 30
 29, 33, 35
 29, 34, 36
 29, 35, 30
 29, 35, 33
 29, 36, 30
 29, 36, 34
 30, 31, 33
 30, 31, 35
 30, 33, 31
 30, 33, 35
 30, 35, 31
 30, 35, 33
 31, 33, 35
 31, 35, 33
