0, 1, 12
 0, 1, 16
 0, 1, 21
 0, 1, 26
 0, 1, 27
 0, 1, 28
 0, 3, 12
 0, 3, 16
 0, 3, 20
 0, 3, 26
 0, 4, 12
 0, 4, 16
 0, 4, 21
 0, 4, 22
 0, 4, 26
 0, 4, 27
 0, 4, 28
 0, 5, 7
 0, 5, 10
 0, 5, 12
 0, 5, 13
 0, 5, 16
 0, 5, 20
 0, 5, 21
 0, 5, 22
 0, 5, 26
 0, 5, 27
 0, 5, 28
 0, 7, 5
 0, 7, 12
 0, 7, 13
 0, 7, 16
 0, 7, 26
 0, 7, 27
 0, 7, 28
 0, 10, 5
 0, 10, 16
 0, 10, 26
 0, 10, 27
 0, 12, 1
 0, 12, 3
 0, 12, 4
 0, 12, 5
 0, 12, 7
 0, 12, 13
 0, 12, 16
 0, 12, 20
 0, 12, 21
 0, 12, 26
 0, 12, 27
 0, 12, 28
 0, 13, 5
 0, 13, 7
 0, 13, 12
 0, 13, 26
 0, 13, 27
 0, 13, 28
 0, 14, 27
 0, 14, 28
 0, 16, 1
 0, 16, 3
 0, 16, 4
 0, 16, 5
 0, 16, 7
 0, 16, 10
 0, 16, 12
 0, 16, 26
 0, 16, 27
 0, 16, 28
 0, 20, 3
 0, 20, 5
 0, 20, 12
 0, 21, 1
 0, 21, 4
 0, 21, 5
 0, 21, 12
 0, 21, 28
 0, 22, 4
 0, 22, 5
 0, 22, 27
 0, 22, 28
 0, 26, 1
 0, 26, 3
 0, 26, 4
 0, 26, 5
 0, 26, 7
 0, 26, 10
 0, 26, 12
 0, 26, 13
 0, 26, 16
 0, 26, 27
 0, 27, 1
 0, 27, 4
 0, 27, 5
 0, 27, 7
 0, 27, 10
 0, 27, 12
 0, 27, 13
 0, 27, 14
 0, 27, 16
 0, 27, 22
 0, 27, 26
 0, 27, 28
 0, 28, 1
 0, 28, 4
 0, 28, 5
 0, 28, 7
 0, 28, 12
 0, 28, 13
 0, 28, 14
 0, 28, 16
 0, 28, 21
 0, 28, 22
 0, 28, 27
 1, 12, 16
 1, 12, 21
 1, 12, 23
 1, 12, 26
 1, 12, 27
 1, 12, 28
 1, 12, 30
 1, 16, 12
 1, 16, 23
 1, 16, 26
 1, 16, 27
 1, 16, 28
 1, 16, 30
 1, 16, 31
 1, 21, 12
 1, 21, 23
 1, 21, 28
 1, 21, 30
 1, 21, 31
 1, 23, 12
 1, 23, 16
 1, 23, 21
 1, 23, 31
 1, 26, 12
 1, 26, 16
 1, 26, 27
 1, 26, 30
 1, 26, 31
 1, 27, 12
 1, 27, 16
 1, 27, 26
 1, 27, 28
 1, 27, 30
 1, 27, 31
 1, 28, 12
 1, 28, 16
 1, 28, 21
 1, 28, 27
 1, 28, 30
 1, 28, 31
 1, 30, 12
 1, 30, 16
 1, 30, 21
 1, 30, 26
 1, 30, 27
 1, 30, 28
 1, 30, 31
 1, 31, 16
 1, 31, 21
 1, 31, 23
 1, 31, 26
 1, 31, 27
 1, 31, 28
 1, 31, 30
 2, 9, 14
 2, 9, 27
 2, 10, 27
 2, 14, 9
 2, 14, 27
 2, 27, 9
 2, 27, 10
 2, 27, 14
 3, 12, 16
 3, 12, 18
 3, 12, 19
 3, 12, 20
 3, 12, 23
 3, 12, 24
 3, 12, 25
 3, 12, 26
 3, 12, 29
 3, 12, 30
 3, 16, 12
 3, 16, 23
 3, 16, 26
 3, 16, 30
 3, 18, 12
 3, 18, 23
 3, 18, 24
 3, 18, 25
 3, 18, 29
 3, 19, 12
 3, 19, 23
 3, 19, 24
 3, 19, 25
 3, 19, 29
 3, 20, 12
 3, 20, 23
 3, 20, 24
 3, 20, 25
 3, 20, 29
 3, 23, 12
 3, 23, 16
 3, 23, 18
 3, 23, 19
 3, 23, 20
 3, 23, 25
 3, 23, 29
 3, 24, 12
 3, 24, 18
 3, 24, 19
 3, 24, 20
 3, 24, 25
 3, 24, 29
 3, 25, 12
 3, 25, 18
 3, 25, 19
 3, 25, 20
 3, 25, 23
 3, 25, 24
 3, 26, 12
 3, 26, 16
 3, 26, 30
 3, 29, 12
 3, 29, 18
 3, 29, 19
 3, 29, 20
 3, 29, 23
 3, 29, 24
 3, 30, 12
 3, 30, 16
 3, 30, 26
 4, 12, 16
 4, 12, 21
 4, 12, 26
 4, 12, 27
 4, 12, 28
 4, 12, 30
 4, 16, 12
 4, 16, 26
 4, 16, 27
 4, 16, 28
 4, 16, 30
 4, 17, 26
 4, 17, 30
 4, 21, 12
 4, 21, 28
 4, 21, 30
 4, 22, 27
 4, 22, 28
 4, 22, 30
 4, 26, 12
 4, 26, 16
 4, 26, 17
 4, 26, 27
 4, 26, 30
 4, 27, 12
 4, 27, 16
 4, 27, 22
 4, 27, 26
 4, 27, 28
 4, 27, 30
 4, 28, 12
 4, 28, 16
 4, 28, 21
 4, 28, 22
 4, 28, 27
 4, 28, 30
 4, 30, 12
 4, 30, 16
 4, 30, 17
 4, 30, 21
 4, 30, 22
 4, 30, 26
 4, 30, 27
 4, 30, 28
 5, 7, 11
 5, 7, 12
 5, 7, 13
 5, 7, 16
 5, 7, 18
 5, 7, 26
 5, 7, 27
 5, 7, 28
 5, 10, 16
 5, 10, 26
 5, 10, 27
 5, 11, 7
 5, 11, 12
 5, 11, 13
 5, 11, 16
 5, 11, 18
 5, 11, 20
 5, 11, 21
 5, 11, 26
 5, 11, 27
 5, 11, 28
 5, 12, 7
 5, 12, 11
 5, 12, 13
 5, 12, 16
 5, 12, 18
 5, 12, 20
 5, 12, 21
 5, 12, 26
 5, 12, 27
 5, 12, 28
 5, 13, 7
 5, 13, 11
 5, 13, 12
 5, 13, 26
 5, 13, 27
 5, 13, 28
 5, 16, 7
 5, 16, 10
 5, 16, 11
 5, 16, 12
 5, 16, 26
 5, 16, 27
 5, 16, 28
 5, 18, 7
 5, 18, 11
 5, 18, 12
 5, 20, 11
 5, 20, 12
 5, 21, 11
 5, 21, 12
 5, 21, 28
 5, 22, 27
 5, 22, 28
 5, 26, 7
 5, 26, 10
 5, 26, 11
 5, 26, 12
 5, 26, 13
 5, 26, 16
 5, 26, 27
 5, 27, 7
 5, 27, 10
 5, 27, 11
 5, 27, 12
 5, 27, 13
 5, 27, 16
 5, 27, 22
 5, 27, 26
 5, 27, 28
 5, 28, 7
 5, 28, 11
 5, 28, 12
 5, 28, 13
 5, 28, 16
 5, 28, 21
 5, 28, 22
 5, 28, 27
 6, 17, 26
 6, 17, 30
 6, 17, 31
 6, 21, 28
 6, 21, 30
 6, 21, 31
 6, 22, 27
 6, 22, 28
 6, 22, 30
 6, 22, 31
 6, 26, 17
 6, 26, 27
 6, 26, 30
 6, 26, 31
 6, 27, 22
 6, 27, 26
 6, 27, 28
 6, 27, 30
 6, 27, 31
 6, 28, 21
 6, 28, 22
 6, 28, 27
 6, 28, 30
 6, 28, 31
 6, 30, 17
 6, 30, 21
 6, 30, 22
 6, 30, 26
 6, 30, 27
 6, 30, 28
 6, 30, 31
 6, 31, 17
 6, 31, 21
 6, 31, 22
 6, 31, 26
 6, 31, 27
 6, 31, 28
 6, 31, 30
 7, 11, 12
 7, 11, 13
 7, 11, 16
 7, 11, 18
 7, 11, 19
 7, 11, 23
 7, 11, 26
 7, 11, 27
 7, 11, 28
 7, 12, 11
 7, 12, 13
 7, 12, 15
 7, 12, 16
 7, 12, 18
 7, 12, 19
 7, 12, 23
 7, 12, 26
 7, 12, 27
 7, 12, 28
 7, 13, 11
 7, 13, 12
 7, 13, 15
 7, 13, 19
 7, 13, 23
 7, 13, 26
 7, 13, 27
 7, 13, 28
 7, 15, 12
 7, 15, 13
 7, 15, 16
 7, 15, 23
 7, 15, 26
 7, 15, 27
 7, 15, 28
 7, 16, 11
 7, 16, 12
 7, 16, 15
 7, 16, 23
 7, 16, 26
 7, 16, 27
 7, 16, 28
 7, 18, 11
 7, 18, 12
 7, 18, 23
 7, 19, 11
 7, 19, 12
 7, 19, 13
 7, 19, 23
 7, 23, 11
 7, 23, 12
 7, 23, 13
 7, 23, 15
 7, 23, 16
 7, 23, 18
 7, 23, 19
 7, 26, 11
 7, 26, 12
 7, 26, 13
 7, 26, 15
 7, 26, 16
 7, 26, 27
 7, 27, 11
 7, 27, 12
 7, 27, 13
 7, 27, 15
 7, 27, 16
 7, 27, 26
 7, 27, 28
 7, 28, 11
 7, 28, 12
 7, 28, 13
 7, 28, 15
 7, 28, 16
 7, 28, 27
 8, 12, 16
 8, 12, 18
 8, 12, 19
 8, 12, 23
 8, 12, 24
 8, 12, 25
 8, 12, 26
 8, 12, 27
 8, 12, 28
 8, 16, 12
 8, 16, 23
 8, 16, 26
 8, 16, 27
 8, 16, 28
 8, 18, 12
 8, 18, 23
 8, 18, 24
 8, 18, 25
 8, 19, 12
 8, 19, 23
 8, 19, 24
 8, 19, 25
 8, 23, 12
 8, 23, 16
 8, 23, 18
 8, 23, 19
 8, 23, 25
 8, 24, 12
 8, 24, 18
 8, 24, 19
 8, 24, 25
 8, 25, 12
 8, 25, 18
 8, 25, 19
 8, 25, 23
 8, 25, 24
 8, 26, 12
 8, 26, 16
 8, 26, 27
 8, 27, 12
 8, 27, 16
 8, 27, 26
 8, 27, 28
 8, 28, 12
 8, 28, 16
 8, 28, 27
 9, 11, 13
 9, 11, 16
 9, 11, 23
 9, 11, 27
 9, 11, 28
 9, 13, 11
 9, 13, 15
 9, 13, 23
 9, 13, 27
 9, 13, 28
 9, 14, 15
 9, 14, 23
 9, 14, 27
 9, 14, 28
 9, 15, 13
 9, 15, 14
 9, 15, 16
 9, 15, 23
 9, 15, 27
 9, 15, 28
 9, 16, 11
 9, 16, 15
 9, 16, 23
 9, 16, 27
 9, 16, 28
 9, 23, 11
 9, 23, 13
 9, 23, 14
 9, 23, 15
 9, 23, 16
 9, 27, 11
 9, 27, 13
 9, 27, 14
 9, 27, 15
 9, 27, 16
 9, 27, 28
 9, 28, 11
 9, 28, 13
 9, 28, 14
 9, 28, 15
 9, 28, 16
 9, 28, 27
 10, 16, 23
 10, 16, 26
 10, 16, 27
 10, 16, 30
 10, 23, 16
 10, 26, 16
 10, 26, 27
 10, 26, 30
 10, 27, 16
 10, 27, 26
 10, 27, 30
 10, 30, 16
 10, 30, 26
 10, 30, 27
 11, 12, 13
 11, 12, 16
 11, 12, 18
 11, 12, 19
 11, 12, 20
 11, 12, 21
 11, 12, 23
 11, 12, 24
 11, 12, 25
 11, 12, 26
 11, 12, 27
 11, 12, 28
 11, 12, 29
 11, 12, 30
 11, 13, 12
 11, 13, 19
 11, 13, 23
 11, 13, 24
 11, 13, 25
 11, 13, 26
 11, 13, 27
 11, 13, 28
 11, 13, 29
 11, 13, 30
 11, 16, 12
 11, 16, 23
 11, 16, 26
 11, 16, 27
 11, 16, 28
 11, 16, 30
 11, 18, 12
 11, 18, 23
 11, 18, 24
 11, 18, 25
 11, 18, 29
 11, 19, 12
 11, 19, 13
 11, 19, 23
 11, 19, 24
 11, 19, 25
 11, 19, 29
 11, 20, 12
 11, 20, 23
 11, 20, 24
 11, 20, 25
 11, 20, 29
 11, 21, 12
 11, 21, 23
 11, 21, 24
 11, 21, 28
 11, 21, 29
 11, 21, 30
 11, 23, 12
 11, 23, 13
 11, 23, 16
 11, 23, 18
 11, 23, 19
 11, 23, 20
 11, 23, 21
 11, 23, 25
 11, 23, 29
 11, 24, 12
 11, 24, 13
 11, 24, 18
 11, 24, 19
 11, 24, 20
 11, 24, 21
 11, 24, 25
 11, 24, 29
 11, 25, 12
 11, 25, 13
 11, 25, 18
 11, 25, 19
 11, 25, 20
 11, 25, 23
 11, 25, 24
 11, 26, 12
 11, 26, 13
 11, 26, 16
 11, 26, 27
 11, 26, 30
 11, 27, 12
 11, 27, 13
 11, 27, 16
 11, 27, 26
 11, 27, 28
 11, 27, 29
 11, 27, 30
 11, 28, 12
 11, 28, 13
 11, 28, 16
 11, 28, 21
 11, 28, 27
 11, 28, 29
 11, 28, 30
 11, 29, 12
 11, 29, 13
 11, 29, 18
 11, 29, 19
 11, 29, 20
 11, 29, 21
 11, 29, 23
 11, 29, 24
 11, 29, 27
 11, 29, 28
 11, 30, 12
 11, 30, 13
 11, 30, 16
 11, 30, 21
 11, 30, 26
 11, 30, 27
 11, 30, 28
 12, 13, 15
 12, 13, 19
 12, 13, 23
 12, 13, 24
 12, 13, 25
 12, 13, 26
 12, 13, 27
 12, 13, 28
 12, 13, 29
 12, 13, 30
 12, 15, 13
 12, 15, 16
 12, 15, 23
 12, 15, 24
 12, 15, 25
 12, 15, 26
 12, 15, 27
 12, 15, 28
 12, 15, 30
 12, 16, 15
 12, 16, 23
 12, 16, 26
 12, 16, 27
 12, 16, 28
 12, 16, 30
 12, 18, 23
 12, 18, 24
 12, 18, 25
 12, 18, 29
 12, 19, 13
 12, 19, 23
 12, 19, 24
 12, 19, 25
 12, 19, 29
 12, 20, 23
 12, 20, 24
 12, 20, 25
 12, 20, 29
 12, 21, 23
 12, 21, 24
 12, 21, 28
 12, 21, 29
 12, 21, 30
 12, 23, 13
 12, 23, 15
 12, 23, 16
 12, 23, 18
 12, 23, 19
 12, 23, 20
 12, 23, 21
 12, 23, 25
 12, 23, 29
 12, 24, 13
 12, 24, 15
 12, 24, 18
 12, 24, 19
 12, 24, 20
 12, 24, 21
 12, 24, 25
 12, 24, 29
 12, 25, 13
 12, 25, 15
 12, 25, 18
 12, 25, 19
 12, 25, 20
 12, 25, 23
 12, 25, 24
 12, 26, 13
 12, 26, 15
 12, 26, 16
 12, 26, 27
 12, 26, 30
 12, 27, 13
 12, 27, 15
 12, 27, 16
 12, 27, 26
 12, 27, 28
 12, 27, 29
 12, 27, 30
 12, 28, 13
 12, 28, 15
 12, 28, 16
 12, 28, 21
 12, 28, 27
 12, 28, 29
 12, 28, 30
 12, 29, 13
 12, 29, 18
 12, 29, 19
 12, 29, 20
 12, 29, 21
 12, 29, 23
 12, 29, 24
 12, 29, 27
 12, 29, 28
 12, 30, 13
 12, 30, 15
 12, 30, 16
 12, 30, 21
 12, 30, 26
 12, 30, 27
 12, 30, 28
 13, 15, 23
 13, 15, 24
 13, 15, 25
 13, 15, 26
 13, 15, 27
 13, 15, 28
 13, 15, 30
 13, 19, 23
 13, 19, 24
 13, 19, 25
 13, 19, 29
 13, 23, 15
 13, 23, 19
 13, 23, 25
 13, 23, 29
 13, 23, 31
 13, 24, 15
 13, 24, 19
 13, 24, 25
 13, 24, 29
 13, 25, 15
 13, 25, 19
 13, 25, 23
 13, 25, 24
 13, 26, 15
 13, 26, 27
 13, 26, 30
 13, 26, 31
 13, 27, 15
 13, 27, 26
 13, 27, 28
 13, 27, 29
 13, 27, 30
 13, 27, 31
 13, 28, 15
 13, 28, 27
 13, 28, 29
 13, 28, 30
 13, 28, 31
 13, 29, 19
 13, 29, 23
 13, 29, 24
 13, 29, 27
 13, 29, 28
 13, 30, 15
 13, 30, 26
 13, 30, 27
 13, 30, 28
 13, 30, 31
 13, 31, 23
 13, 31, 26
 13, 31, 27
 13, 31, 28
 13, 31, 30
 14, 15, 23
 14, 15, 24
 14, 15, 25
 14, 15, 27
 14, 15, 28
 14, 15, 30
 14, 23, 15
 14, 23, 25
 14, 23, 29
 14, 24, 15
 14, 24, 25
 14, 24, 29
 14, 25, 15
 14, 25, 23
 14, 25, 24
 14, 27, 15
 14, 27, 28
 14, 27, 29
 14, 27, 30
 14, 28, 15
 14, 28, 27
 14, 28, 29
 14, 28, 30
 14, 29, 23
 14, 29, 24
 14, 29, 27
 14, 29, 28
 14, 30, 15
 14, 30, 27
 14, 30, 28
 15, 16, 23
 15, 16, 26
 15, 16, 27
 15, 16, 28
 15, 16, 30
 15, 23, 16
 15, 23, 25
 15, 24, 25
 15, 25, 23
 15, 25, 24
 15, 26, 16
 15, 26, 27
 15, 26, 30
 15, 27, 16
 15, 27, 26
 15, 27, 28
 15, 27, 30
 15, 28, 16
 15, 28, 27
 15, 28, 30
 15, 30, 16
 15, 30, 26
 15, 30, 27
 15, 30, 28
 16, 23, 31
 16, 26, 27
 16, 26, 30
 16, 26, 31
 16, 27, 26
 16, 27, 28
 16, 27, 30
 16, 27, 31
 16, 28, 27
 16, 28, 30
 16, 28, 31
 16, 30, 26
 16, 30, 27
 16, 30, 28
 16, 30, 31
 16, 31, 23
 16, 31, 26
 16, 31, 27
 16, 31, 28
 16, 31, 30
 17, 26, 30
 17, 26, 31
 17, 30, 26
 17, 30, 31
 17, 30, 32
 17, 31, 26
 17, 31, 30
 17, 31, 32
 17, 32, 30
 17, 32, 31
 18, 23, 25
 18, 23, 29
 18, 24, 25
 18, 24, 29
 18, 25, 23
 18, 25, 24
 18, 29, 23
 18, 29, 24
 19, 23, 25
 19, 23, 29
 19, 24, 25
 19, 24, 29
 19, 25, 23
 19, 25, 24
 19, 29, 23
 19, 29, 24
 20, 23, 25
 20, 23, 29
 20, 24, 25
 20, 24, 29
 20, 25, 23
 20, 25, 24
 20, 29, 23
 20, 29, 24
 21, 23, 29
 21, 23, 31
 21, 24, 29
 21, 28, 29
 21, 28, 30
 21, 28, 31
 21, 29, 23
 21, 29, 24
 21, 29, 28
 21, 30, 28
 21, 30, 31
 21, 31, 23
 21, 31, 28
 21, 31, 30
 22, 23, 29
 22, 23, 31
 22, 24, 29
 22, 27, 28
 22, 27, 29
 22, 27, 30
 22, 27, 31
 22, 28, 27
 22, 28, 29
 22, 28, 30
 22, 28, 31
 22, 29, 23
 22, 29, 24
 22, 29, 27
 22, 29, 28
 22, 30, 27
 22, 30, 28
 22, 30, 31
 22, 31, 23
 22, 31, 27
 22, 31, 28
 22, 31, 30
 26, 27, 30
 26, 27, 31
 26, 30, 27
 26, 30, 31
 26, 31, 27
 26, 31, 30
 27, 28, 29
 27, 28, 30
 27, 28, 31
 27, 29, 28
 27, 30, 28
 27, 30, 31
 27, 31, 28
 27, 31, 30
 28, 30, 31
 28, 31, 30
 30, 31, 32
 30, 32, 31
