0, 1, 2
 0, 1, 6
 0, 1, 7
 0, 1, 8
 0, 1, 10
 0, 1, 12
 0, 1, 14
 0, 1, 17
 0, 1, 19
 0, 1, 21
 0, 1, 22
 0, 1, 25
 0, 1, 26
 0, 1, 27
 0, 1, 29
 0, 1, 31
 0, 1, 32
 0, 1, 33
 0, 2, 1
 0, 2, 3
 0, 2, 11
 0, 2, 17
 0, 2, 18
 0, 2, 22
 0, 2, 23
 0, 2, 25
 0, 2, 27
 0, 2, 28
 0, 2, 29
 0, 2, 30
 0, 2, 31
 0, 3, 2
 0, 3, 4
 0, 3, 6
 0, 3, 7
 0, 3, 8
 0, 3, 10
 0, 3, 12
 0, 3, 17
 0, 3, 18
 0, 3, 19
 0, 3, 20
 0, 3, 21
 0, 3, 22
 0, 3, 23
 0, 3, 25
 0, 3, 26
 0, 3, 27
 0, 3, 28
 0, 3, 29
 0, 3, 30
 0, 3, 32
 0, 3, 33
 0, 4, 3
 0, 4, 6
 0, 4, 7
 0, 4, 8
 0, 4, 12
 0, 4, 14
 0, 4, 15
 0, 4, 16
 0, 4, 17
 0, 4, 18
 0, 4, 19
 0, 4, 20
 0, 4, 21
 0, 4, 22
 0, 4, 26
 0, 4, 33
 0, 5, 10
 0, 5, 12
 0, 5, 14
 0, 5, 15
 0, 5, 17
 0, 5, 18
 0, 5, 19
 0, 5, 20
 0, 5, 21
 0, 5, 22
 0, 5, 23
 0, 5, 25
 0, 5, 26
 0, 5, 28
 0, 5, 29
 0, 5, 30
 0, 5, 31
 0, 5, 32
 0, 5, 33
 0, 6, 1
 0, 6, 3
 0, 6, 4
 0, 6, 7
 0, 6, 8
 0, 6, 10
 0, 6, 12
 0, 6, 14
 0, 6, 15
 0, 6, 16
 0, 6, 17
 0, 6, 19
 0, 6, 20
 0, 6, 21
 0, 6, 22
 0, 6, 23
 0, 6, 25
 0, 6, 26
 0, 6, 27
 0, 6, 28
 0, 6, 30
 0, 6, 31
 0, 6, 33
 0, 7, 1
 0, 7, 3
 0, 7, 4
 0, 7, 6
 0, 7, 10
 0, 7, 11
 0, 7, 15
 0, 7, 18
 0, 7, 19
 0, 7, 23
 0, 7, 28
 0, 7, 30
 0, 7, 32
 0, 8, 1
 0, 8, 3
 0, 8, 4
 0, 8, 6
 0, 8, 10
 0, 8, 11
 0, 8, 12
 0, 8, 14
 0, 8, 15
 0, 8, 17
 0, 8, 18
 0, 8, 19
 0, 8, 20
 0, 8, 21
 0, 8, 22
 0, 8, 23
 0, 8, 25
 0, 8, 26
 0, 8, 27
 0, 8, 28
 0, 8, 29
 0, 8, 30
 0, 8, 32
 0, 8, 33
 0, 10, 1
 0, 10, 3
 0, 10, 5
 0, 10, 6
 0, 10, 7
 0, 10, 8
 0, 10, 14
 0, 10, 15
 0, 10, 16
 0, 10, 18
 0, 10, 19
 0, 10, 22
 0, 10, 23
 0, 10, 27
 0, 10, 28
 0, 10, 29
 0, 10, 30
 0, 10, 31
 0, 10, 32
 0, 10, 33
 0, 11, 2
 0, 11, 7
 0, 11, 8
 0, 11, 12
 0, 11, 15
 0, 11, 16
 0, 11, 17
 0, 11, 18
 0, 11, 19
 0, 11, 21
 0, 11, 22
 0, 11, 23
 0, 11, 25
 0, 11, 26
 0, 11, 27
 0, 11, 28
 0, 11, 30
 0, 11, 31
 0, 11, 32
 0, 11, 33
 0, 12, 1
 0, 12, 3
 0, 12, 4
 0, 12, 5
 0, 12, 6
 0, 12, 8
 0, 12, 11
 0, 12, 14
 0, 12, 15
 0, 12, 17
 0, 12, 18
 0, 12, 19
 0, 12, 20
 0, 12, 21
 0, 12, 22
 0, 12, 23
 0, 12, 25
 0, 12, 26
 0, 12, 27
 0, 12, 28
 0, 12, 29
 0, 12, 30
 0, 12, 31
 0, 12, 32
 0, 12, 33
 0, 13, 14
 0, 13, 17
 0, 13, 18
 0, 13, 21
 0, 13, 26
 0, 13, 31
 0, 13, 32
 0, 13, 33
 0, 14, 1
 0, 14, 4
 0, 14, 5
 0, 14, 6
 0, 14, 8
 0, 14, 10
 0, 14, 12
 0, 14, 13
 0, 14, 15
 0, 14, 17
 0, 14, 20
 0, 14, 21
 0, 14, 22
 0, 14, 23
 0, 14, 25
 0, 14, 26
 0, 14, 27
 0, 14, 28
 0, 14, 29
 0, 14, 30
 0, 14, 31
 0, 14, 33
 0, 15, 4
 0, 15, 5
 0, 15, 6
 0, 15, 7
 0, 15, 8
 0, 15, 10
 0, 15, 11
 0, 15, 12
 0, 15, 14
 0, 15, 17
 0, 15, 18
 0, 15, 21
 0, 15, 22
 0, 15, 23
 0, 15, 25
 0, 15, 27
 0, 15, 28
 0, 15, 29
 0, 15, 30
 0, 15, 31
 0, 15, 33
 0, 16, 4
 0, 16, 6
 0, 16, 10
 0, 16, 11
 0, 16, 17
 0, 16, 22
 0, 16, 25
 0, 16, 27
 0, 16, 28
 0, 16, 29
 0, 16, 30
 0, 16, 31
 0, 17, 1
 0, 17, 2
 0, 17, 3
 0, 17, 4
 0, 17, 5
 0, 17, 6
 0, 17, 8
 0, 17, 11
 0, 17, 12
 0, 17, 13
 0, 17, 14
 0, 17, 15
 0, 17, 16
 0, 17, 18
 0, 17, 19
 0, 17, 20
 0, 17, 21
 0, 17, 22
 0, 17, 23
 0, 17, 25
 0, 17, 26
 0, 17, 27
 0, 17, 28
 0, 17, 29
 0, 17, 30
 0, 17, 31
 0, 17, 32
 0, 17, 33
 0, 18, 2
 0, 18, 3
 0, 18, 4
 0, 18, 5
 0, 18, 7
 0, 18, 8
 0, 18, 10
 0, 18, 11
 0, 18, 12
 0, 18, 13
 0, 18, 15
 0, 18, 17
 0, 18, 19
 0, 18, 23
 0, 18, 25
 0, 18, 27
 0, 18, 28
 0, 18, 29
 0, 18, 30
 0, 18, 31
 0, 18, 32
 0, 19, 1
 0, 19, 3
 0, 19, 4
 0, 19, 5
 0, 19, 6
 0, 19, 7
 0, 19, 8
 0, 19, 10
 0, 19, 11
 0, 19, 12
 0, 19, 17
 0, 19, 18
 0, 19, 20
 0, 19, 21
 0, 19, 22
 0, 19, 23
 0, 19, 25
 0, 19, 26
 0, 19, 27
 0, 19, 28
 0, 19, 29
 0, 19, 30
 0, 19, 32
 0, 20, 3
 0, 20, 4
 0, 20, 5
 0, 20, 6
 0, 20, 8
 0, 20, 12
 0, 20, 14
 0, 20, 17
 0, 20, 19
 0, 20, 21
 0, 20, 22
 0, 20, 23
 0, 20, 26
 0, 20, 30
 0, 20, 31
 0, 20, 33
 0, 21, 1
 0, 21, 3
 0, 21, 4
 0, 21, 5
 0, 21, 6
 0, 21, 8
 0, 21, 11
 0, 21, 12
 0, 21, 13
 0, 21, 14
 0, 21, 15
 0, 21, 17
 0, 21, 19
 0, 21, 20
 0, 21, 22
 0, 21, 26
 0, 21, 33
 0, 22, 1
 0, 22, 2
 0, 22, 3
 0, 22, 4
 0, 22, 5
 0, 22, 6
 0, 22, 8
 0, 22, 10
 0, 22, 11
 0, 22, 12
 0, 22, 14
 0, 22, 15
 0, 22, 16
 0, 22, 17
 0, 22, 19
 0, 22, 20
 0, 22, 21
 0, 22, 23
 0, 22, 25
 0, 22, 27
 0, 22, 28
 0, 22, 29
 0, 22, 30
 0, 22, 31
 0, 23, 2
 0, 23, 3
 0, 23, 5
 0, 23, 6
 0, 23, 7
 0, 23, 8
 0, 23, 10
 0, 23, 11
 0, 23, 12
 0, 23, 14
 0, 23, 15
 0, 23, 17
 0, 23, 18
 0, 23, 19
 0, 23, 20
 0, 23, 22
 0, 23, 25
 0, 23, 27
 0, 23, 28
 0, 23, 29
 0, 23, 30
 0, 23, 31
 0, 25, 1
 0, 25, 2
 0, 25, 3
 0, 25, 5
 0, 25, 6
 0, 25, 8
 0, 25, 11
 0, 25, 12
 0, 25, 14
 0, 25, 15
 0, 25, 16
 0, 25, 17
 0, 25, 18
 0, 25, 19
 0, 25, 22
 0, 25, 23
 0, 25, 27
 0, 25, 28
 0, 25, 29
 0, 25, 30
 0, 26, 1
 0, 26, 3
 0, 26, 4
 0, 26, 5
 0, 26, 6
 0, 26, 8
 0, 26, 11
 0, 26, 12
 0, 26, 13
 0, 26, 14
 0, 26, 17
 0, 26, 19
 0, 26, 20
 0, 26, 21
 0, 27, 1
 0, 27, 2
 0, 27, 3
 0, 27, 6
 0, 27, 8
 0, 27, 10
 0, 27, 11
 0, 27, 12
 0, 27, 14
 0, 27, 15
 0, 27, 16
 0, 27, 17
 0, 27, 18
 0, 27, 19
 0, 27, 22
 0, 27, 23
 0, 27, 25
 0, 27, 28
 0, 27, 29
 0, 27, 30
 0, 28, 2
 0, 28, 3
 0, 28, 5
 0, 28, 6
 0, 28, 7
 0, 28, 8
 0, 28, 10
 0, 28, 11
 0, 28, 12
 0, 28, 14
 0, 28, 15
 0, 28, 16
 0, 28, 17
 0, 28, 18
 0, 28, 19
 0, 28, 22
 0, 28, 23
 0, 28, 25
 0, 28, 27
 0, 28, 29
 0, 28, 30
 0, 29, 1
 0, 29, 2
 0, 29, 3
 0, 29, 5
 0, 29, 8
 0, 29, 10
 0, 29, 12
 0, 29, 14
 0, 29, 15
 0, 29, 16
 0, 29, 17
 0, 29, 18
 0, 29, 19
 0, 29, 22
 0, 29, 23
 0, 29, 25
 0, 29, 27
 0, 29, 28
 0, 29, 30
 0, 30, 2
 0, 30, 3
 0, 30, 5
 0, 30, 6
 0, 30, 7
 0, 30, 8
 0, 30, 10
 0, 30, 11
 0, 30, 12
 0, 30, 14
 0, 30, 15
 0, 30, 16
 0, 30, 17
 0, 30, 18
 0, 30, 19
 0, 30, 20
 0, 30, 22
 0, 30, 23
 0, 30, 25
 0, 30, 27
 0, 30, 28
 0, 30, 29
 0, 30, 31
 0, 31, 1
 0, 31, 2
 0, 31, 5
 0, 31, 6
 0, 31, 10
 0, 31, 11
 0, 31, 12
 0, 31, 13
 0, 31, 14
 0, 31, 15
 0, 31, 16
 0, 31, 17
 0, 31, 18
 0, 31, 20
 0, 31, 22
 0, 31, 23
 0, 31, 30
 0, 32, 1
 0, 32, 3
 0, 32, 5
 0, 32, 7
 0, 32, 8
 0, 32, 10
 0, 32, 11
 0, 32, 12
 0, 32, 13
 0, 32, 17
 0, 32, 18
 0, 32, 19
 0, 33, 1
 0, 33, 3
 0, 33, 4
 0, 33, 5
 0, 33, 6
 0, 33, 8
 0, 33, 10
 0, 33, 11
 0, 33, 12
 0, 33, 13
 0, 33, 14
 0, 33, 15
 0, 33, 17
 0, 33, 20
 0, 33, 21
 1, 2, 17
 1, 2, 22
 1, 2, 25
 1, 2, 27
 1, 2, 29
 1, 2, 31
 1, 6, 7
 1, 6, 8
 1, 6, 10
 1, 6, 12
 1, 6, 14
 1, 6, 17
 1, 6, 19
 1, 6, 21
 1, 6, 22
 1, 6, 25
 1, 6, 26
 1, 6, 27
 1, 6, 31
 1, 6, 33
 1, 7, 6
 1, 7, 10
 1, 7, 19
 1, 7, 32
 1, 8, 6
 1, 8, 10
 1, 8, 12
 1, 8, 14
 1, 8, 17
 1, 8, 19
 1, 8, 21
 1, 8, 22
 1, 8, 25
 1, 8, 26
 1, 8, 27
 1, 8, 29
 1, 8, 32
 1, 8, 33
 1, 10, 6
 1, 10, 7
 1, 10, 8
 1, 10, 14
 1, 10, 19
 1, 10, 22
 1, 10, 27
 1, 10, 29
 1, 10, 31
 1, 10, 32
 1, 10, 33
 1, 12, 6
 1, 12, 8
 1, 12, 14
 1, 12, 17
 1, 12, 19
 1, 12, 21
 1, 12, 22
 1, 12, 25
 1, 12, 26
 1, 12, 27
 1, 12, 29
 1, 12, 31
 1, 12, 32
 1, 12, 33
 1, 14, 6
 1, 14, 8
 1, 14, 10
 1, 14, 12
 1, 14, 17
 1, 14, 21
 1, 14, 22
 1, 14, 25
 1, 14, 26
 1, 14, 27
 1, 14, 29
 1, 14, 31
 1, 14, 33
 1, 17, 2
 1, 17, 6
 1, 17, 8
 1, 17, 12
 1, 17, 14
 1, 17, 19
 1, 17, 21
 1, 17, 22
 1, 17, 25
 1, 17, 26
 1, 17, 27
 1, 17, 29
 1, 17, 31
 1, 17, 32
 1, 17, 33
 1, 19, 6
 1, 19, 7
 1, 19, 8
 1, 19, 10
 1, 19, 12
 1, 19, 17
 1, 19, 21
 1, 19, 22
 1, 19, 25
 1, 19, 26
 1, 19, 27
 1, 19, 29
 1, 19, 32
 1, 21, 6
 1, 21, 8
 1, 21, 12
 1, 21, 14
 1, 21, 17
 1, 21, 19
 1, 21, 22
 1, 21, 26
 1, 21, 33
 1, 22, 2
 1, 22, 6
 1, 22, 8
 1, 22, 10
 1, 22, 12
 1, 22, 14
 1, 22, 17
 1, 22, 19
 1, 22, 21
 1, 22, 25
 1, 22, 27
 1, 22, 29
 1, 22, 31
 1, 25, 2
 1, 25, 6
 1, 25, 8
 1, 25, 12
 1, 25, 14
 1, 25, 17
 1, 25, 19
 1, 25, 22
 1, 25, 27
 1, 25, 29
 1, 26, 6
 1, 26, 8
 1, 26, 12
 1, 26, 14
 1, 26, 17
 1, 26, 19
 1, 26, 21
 1, 27, 2
 1, 27, 6
 1, 27, 8
 1, 27, 10
 1, 27, 12
 1, 27, 14
 1, 27, 17
 1, 27, 19
 1, 27, 22
 1, 27, 25
 1, 27, 29
 1, 29, 2
 1, 29, 8
 1, 29, 10
 1, 29, 12
 1, 29, 14
 1, 29, 17
 1, 29, 19
 1, 29, 22
 1, 29, 25
 1, 29, 27
 1, 31, 2
 1, 31, 6
 1, 31, 10
 1, 31, 12
 1, 31, 14
 1, 31, 17
 1, 31, 22
 1, 32, 7
 1, 32, 8
 1, 32, 10
 1, 32, 12
 1, 32, 17
 1, 32, 19
 1, 33, 6
 1, 33, 8
 1, 33, 10
 1, 33, 12
 1, 33, 14
 1, 33, 17
 1, 33, 21
 2, 3, 17
 2, 3, 18
 2, 3, 22
 2, 3, 23
 2, 3, 24
 2, 3, 25
 2, 3, 27
 2, 3, 28
 2, 3, 29
 2, 3, 30
 2, 11, 17
 2, 11, 18
 2, 11, 22
 2, 11, 23
 2, 11, 24
 2, 11, 25
 2, 11, 27
 2, 11, 28
 2, 11, 30
 2, 11, 31
 2, 17, 3
 2, 17, 11
 2, 17, 18
 2, 17, 22
 2, 17, 23
 2, 17, 25
 2, 17, 27
 2, 17, 28
 2, 17, 29
 2, 17, 30
 2, 17, 31
 2, 18, 3
 2, 18, 11
 2, 18, 17
 2, 18, 23
 2, 18, 24
 2, 18, 25
 2, 18, 27
 2, 18, 28
 2, 18, 29
 2, 18, 30
 2, 18, 31
 2, 22, 3
 2, 22, 11
 2, 22, 17
 2, 22, 23
 2, 22, 24
 2, 22, 25
 2, 22, 27
 2, 22, 28
 2, 22, 29
 2, 22, 30
 2, 22, 31
 2, 23, 3
 2, 23, 11
 2, 23, 17
 2, 23, 18
 2, 23, 22
 2, 23, 24
 2, 23, 25
 2, 23, 27
 2, 23, 28
 2, 23, 29
 2, 23, 30
 2, 23, 31
 2, 24, 3
 2, 24, 11
 2, 24, 18
 2, 24, 22
 2, 24, 23
 2, 24, 25
 2, 24, 29
 2, 24, 30
 2, 25, 3
 2, 25, 11
 2, 25, 17
 2, 25, 18
 2, 25, 22
 2, 25, 23
 2, 25, 24
 2, 25, 27
 2, 25, 28
 2, 25, 29
 2, 25, 30
 2, 27, 3
 2, 27, 11
 2, 27, 17
 2, 27, 18
 2, 27, 22
 2, 27, 23
 2, 27, 25
 2, 27, 28
 2, 27, 29
 2, 27, 30
 2, 28, 3
 2, 28, 11
 2, 28, 17
 2, 28, 18
 2, 28, 22
 2, 28, 23
 2, 28, 25
 2, 28, 27
 2, 28, 29
 2, 28, 30
 2, 29, 3
 2, 29, 17
 2, 29, 18
 2, 29, 22
 2, 29, 23
 2, 29, 24
 2, 29, 25
 2, 29, 27
 2, 29, 28
 2, 29, 30
 2, 30, 3
 2, 30, 11
 2, 30, 17
 2, 30, 18
 2, 30, 22
 2, 30, 23
 2, 30, 24
 2, 30, 25
 2, 30, 27
 2, 30, 28
 2, 30, 29
 2, 30, 31
 2, 31, 11
 2, 31, 17
 2, 31, 18
 2, 31, 22
 2, 31, 23
 2, 31, 30
 3, 4, 6
 3, 4, 7
 3, 4, 8
 3, 4, 12
 3, 4, 17
 3, 4, 18
 3, 4, 19
 3, 4, 20
 3, 4, 21
 3, 4, 22
 3, 4, 26
 3, 4, 33
 3, 6, 4
 3, 6, 7
 3, 6, 8
 3, 6, 10
 3, 6, 12
 3, 6, 17
 3, 6, 19
 3, 6, 20
 3, 6, 21
 3, 6, 22
 3, 6, 23
 3, 6, 24
 3, 6, 25
 3, 6, 26
 3, 6, 27
 3, 6, 28
 3, 6, 30
 3, 6, 33
 3, 7, 4
 3, 7, 6
 3, 7, 10
 3, 7, 18
 3, 7, 19
 3, 7, 23
 3, 7, 24
 3, 7, 28
 3, 7, 30
 3, 7, 32
 3, 7, 34
 3, 8, 4
 3, 8, 6
 3, 8, 10
 3, 8, 12
 3, 8, 17
 3, 8, 18
 3, 8, 19
 3, 8, 20
 3, 8, 21
 3, 8, 22
 3, 8, 23
 3, 8, 24
 3, 8, 25
 3, 8, 26
 3, 8, 27
 3, 8, 28
 3, 8, 29
 3, 8, 30
 3, 8, 32
 3, 8, 33
 3, 8, 34
 3, 10, 6
 3, 10, 7
 3, 10, 8
 3, 10, 18
 3, 10, 19
 3, 10, 22
 3, 10, 23
 3, 10, 24
 3, 10, 27
 3, 10, 28
 3, 10, 29
 3, 10, 30
 3, 10, 32
 3, 10, 33
 3, 10, 34
 3, 12, 4
 3, 12, 6
 3, 12, 8
 3, 12, 17
 3, 12, 18
 3, 12, 19
 3, 12, 20
 3, 12, 21
 3, 12, 22
 3, 12, 23
 3, 12, 25
 3, 12, 26
 3, 12, 27
 3, 12, 28
 3, 12, 29
 3, 12, 30
 3, 12, 32
 3, 12, 33
 3, 12, 34
 3, 17, 4
 3, 17, 6
 3, 17, 8
 3, 17, 12
 3, 17, 18
 3, 17, 19
 3, 17, 20
 3, 17, 21
 3, 17, 22
 3, 17, 23
 3, 17, 25
 3, 17, 26
 3, 17, 27
 3, 17, 28
 3, 17, 29
 3, 17, 30
 3, 17, 32
 3, 17, 33
 3, 17, 34
 3, 18, 4
 3, 18, 7
 3, 18, 8
 3, 18, 10
 3, 18, 12
 3, 18, 17
 3, 18, 19
 3, 18, 23
 3, 18, 24
 3, 18, 25
 3, 18, 27
 3, 18, 28
 3, 18, 29
 3, 18, 30
 3, 18, 32
 3, 18, 34
 3, 19, 4
 3, 19, 6
 3, 19, 7
 3, 19, 8
 3, 19, 10
 3, 19, 12
 3, 19, 17
 3, 19, 18
 3, 19, 20
 3, 19, 21
 3, 19, 22
 3, 19, 23
 3, 19, 24
 3, 19, 25
 3, 19, 26
 3, 19, 27
 3, 19, 28
 3, 19, 29
 3, 19, 30
 3, 19, 32
 3, 20, 4
 3, 20, 6
 3, 20, 8
 3, 20, 12
 3, 20, 17
 3, 20, 19
 3, 20, 21
 3, 20, 22
 3, 20, 23
 3, 20, 26
 3, 20, 30
 3, 20, 33
 3, 20, 34
 3, 21, 4
 3, 21, 6
 3, 21, 8
 3, 21, 12
 3, 21, 17
 3, 21, 19
 3, 21, 20
 3, 21, 22
 3, 21, 26
 3, 21, 33
 3, 21, 34
 3, 22, 4
 3, 22, 6
 3, 22, 8
 3, 22, 10
 3, 22, 12
 3, 22, 17
 3, 22, 19
 3, 22, 20
 3, 22, 21
 3, 22, 23
 3, 22, 24
 3, 22, 25
 3, 22, 27
 3, 22, 28
 3, 22, 29
 3, 22, 30
 3, 22, 34
 3, 23, 6
 3, 23, 7
 3, 23, 8
 3, 23, 10
 3, 23, 12
 3, 23, 17
 3, 23, 18
 3, 23, 19
 3, 23, 20
 3, 23, 22
 3, 23, 24
 3, 23, 25
 3, 23, 27
 3, 23, 28
 3, 23, 29
 3, 23, 30
 3, 23, 34
 3, 24, 6
 3, 24, 7
 3, 24, 8
 3, 24, 10
 3, 24, 18
 3, 24, 19
 3, 24, 22
 3, 24, 23
 3, 24, 25
 3, 24, 29
 3, 24, 30
 3, 25, 6
 3, 25, 8
 3, 25, 12
 3, 25, 17
 3, 25, 18
 3, 25, 19
 3, 25, 22
 3, 25, 23
 3, 25, 24
 3, 25, 27
 3, 25, 28
 3, 25, 29
 3, 25, 30
 3, 25, 34
 3, 26, 4
 3, 26, 6
 3, 26, 8
 3, 26, 12
 3, 26, 17
 3, 26, 19
 3, 26, 20
 3, 26, 21
 3, 26, 34
 3, 27, 6
 3, 27, 8
 3, 27, 10
 3, 27, 12
 3, 27, 17
 3, 27, 18
 3, 27, 19
 3, 27, 22
 3, 27, 23
 3, 27, 25
 3, 27, 28
 3, 27, 29
 3, 27, 30
 3, 28, 6
 3, 28, 7
 3, 28, 8
 3, 28, 10
 3, 28, 12
 3, 28, 17
 3, 28, 18
 3, 28, 19
 3, 28, 22
 3, 28, 23
 3, 28, 25
 3, 28, 27
 3, 28, 29
 3, 28, 30
 3, 28, 34
 3, 29, 8
 3, 29, 10
 3, 29, 12
 3, 29, 17
 3, 29, 18
 3, 29, 19
 3, 29, 22
 3, 29, 23
 3, 29, 24
 3, 29, 25
 3, 29, 27
 3, 29, 28
 3, 29, 30
 3, 29, 34
 3, 30, 6
 3, 30, 7
 3, 30, 8
 3, 30, 10
 3, 30, 12
 3, 30, 17
 3, 30, 18
 3, 30, 19
 3, 30, 20
 3, 30, 22
 3, 30, 23
 3, 30, 24
 3, 30, 25
 3, 30, 27
 3, 30, 28
 3, 30, 29
 3, 30, 34
 3, 32, 7
 3, 32, 8
 3, 32, 10
 3, 32, 12
 3, 32, 17
 3, 32, 18
 3, 32, 19
 3, 32, 34
 3, 33, 4
 3, 33, 6
 3, 33, 8
 3, 33, 10
 3, 33, 12
 3, 33, 17
 3, 33, 20
 3, 33, 21
 3, 33, 34
 3, 34, 7
 3, 34, 8
 3, 34, 10
 3, 34, 12
 3, 34, 17
 3, 34, 18
 3, 34, 20
 3, 34, 21
 3, 34, 22
 3, 34, 23
 3, 34, 25
 3, 34, 26
 3, 34, 28
 3, 34, 29
 3, 34, 30
 3, 34, 32
 3, 34, 33
 4, 6, 7
 4, 6, 8
 4, 6, 12
 4, 6, 14
 4, 6, 15
 4, 6, 16
 4, 6, 17
 4, 6, 19
 4, 6, 20
 4, 6, 21
 4, 6, 22
 4, 6, 26
 4, 6, 33
 4, 7, 6
 4, 7, 15
 4, 7, 18
 4, 7, 19
 4, 8, 6
 4, 8, 12
 4, 8, 14
 4, 8, 15
 4, 8, 17
 4, 8, 18
 4, 8, 19
 4, 8, 20
 4, 8, 21
 4, 8, 22
 4, 8, 26
 4, 8, 33
 4, 9, 12
 4, 9, 14
 4, 9, 15
 4, 9, 17
 4, 9, 20
 4, 9, 21
 4, 9, 22
 4, 9, 26
 4, 9, 33
 4, 12, 6
 4, 12, 8
 4, 12, 9
 4, 12, 14
 4, 12, 15
 4, 12, 17
 4, 12, 18
 4, 12, 19
 4, 12, 20
 4, 12, 21
 4, 12, 22
 4, 12, 26
 4, 12, 33
 4, 14, 6
 4, 14, 8
 4, 14, 9
 4, 14, 12
 4, 14, 15
 4, 14, 17
 4, 14, 20
 4, 14, 21
 4, 14, 22
 4, 14, 26
 4, 14, 33
 4, 15, 6
 4, 15, 7
 4, 15, 8
 4, 15, 9
 4, 15, 12
 4, 15, 14
 4, 15, 17
 4, 15, 18
 4, 15, 21
 4, 15, 22
 4, 15, 33
 4, 16, 6
 4, 16, 17
 4, 16, 22
 4, 17, 6
 4, 17, 8
 4, 17, 9
 4, 17, 12
 4, 17, 14
 4, 17, 15
 4, 17, 16
 4, 17, 18
 4, 17, 19
 4, 17, 20
 4, 17, 21
 4, 17, 22
 4, 17, 26
 4, 17, 33
 4, 18, 7
 4, 18, 8
 4, 18, 12
 4, 18, 15
 4, 18, 17
 4, 18, 19
 4, 19, 6
 4, 19, 7
 4, 19, 8
 4, 19, 12
 4, 19, 17
 4, 19, 18
 4, 19, 20
 4, 19, 21
 4, 19, 22
 4, 19, 26
 4, 20, 6
 4, 20, 8
 4, 20, 9
 4, 20, 12
 4, 20, 14
 4, 20, 17
 4, 20, 19
 4, 20, 21
 4, 20, 22
 4, 20, 26
 4, 20, 33
 4, 21, 6
 4, 21, 8
 4, 21, 9
 4, 21, 12
 4, 21, 14
 4, 21, 15
 4, 21, 17
 4, 21, 19
 4, 21, 20
 4, 21, 22
 4, 21, 26
 4, 21, 33
 4, 22, 6
 4, 22, 8
 4, 22, 9
 4, 22, 12
 4, 22, 14
 4, 22, 15
 4, 22, 16
 4, 22, 17
 4, 22, 19
 4, 22, 20
 4, 22, 21
 4, 26, 6
 4, 26, 8
 4, 26, 9
 4, 26, 12
 4, 26, 14
 4, 26, 17
 4, 26, 19
 4, 26, 20
 4, 26, 21
 4, 33, 6
 4, 33, 8
 4, 33, 9
 4, 33, 12
 4, 33, 14
 4, 33, 15
 4, 33, 17
 4, 33, 20
 4, 33, 21
 5, 10, 14
 5, 10, 15
 5, 10, 18
 5, 10, 19
 5, 10, 22
 5, 10, 23
 5, 10, 24
 5, 10, 28
 5, 10, 29
 5, 10, 30
 5, 10, 31
 5, 10, 32
 5, 10, 33
 5, 12, 14
 5, 12, 15
 5, 12, 17
 5, 12, 18
 5, 12, 19
 5, 12, 20
 5, 12, 21
 5, 12, 22
 5, 12, 23
 5, 12, 25
 5, 12, 26
 5, 12, 28
 5, 12, 29
 5, 12, 30
 5, 12, 31
 5, 12, 32
 5, 12, 33
 5, 14, 10
 5, 14, 12
 5, 14, 15
 5, 14, 17
 5, 14, 20
 5, 14, 21
 5, 14, 22
 5, 14, 23
 5, 14, 24
 5, 14, 25
 5, 14, 26
 5, 14, 28
 5, 14, 29
 5, 14, 30
 5, 14, 31
 5, 14, 33
 5, 15, 10
 5, 15, 12
 5, 15, 14
 5, 15, 17
 5, 15, 18
 5, 15, 21
 5, 15, 22
 5, 15, 23
 5, 15, 24
 5, 15, 25
 5, 15, 28
 5, 15, 29
 5, 15, 30
 5, 15, 31
 5, 15, 33
 5, 17, 12
 5, 17, 14
 5, 17, 15
 5, 17, 18
 5, 17, 19
 5, 17, 20
 5, 17, 21
 5, 17, 22
 5, 17, 23
 5, 17, 25
 5, 17, 26
 5, 17, 28
 5, 17, 29
 5, 17, 30
 5, 17, 31
 5, 17, 32
 5, 17, 33
 5, 18, 10
 5, 18, 12
 5, 18, 15
 5, 18, 17
 5, 18, 19
 5, 18, 23
 5, 18, 24
 5, 18, 25
 5, 18, 28
 5, 18, 29
 5, 18, 30
 5, 18, 31
 5, 18, 32
 5, 19, 10
 5, 19, 12
 5, 19, 17
 5, 19, 18
 5, 19, 20
 5, 19, 21
 5, 19, 22
 5, 19, 23
 5, 19, 24
 5, 19, 25
 5, 19, 26
 5, 19, 28
 5, 19, 29
 5, 19, 30
 5, 19, 32
 5, 20, 12
 5, 20, 14
 5, 20, 17
 5, 20, 19
 5, 20, 21
 5, 20, 22
 5, 20, 23
 5, 20, 26
 5, 20, 30
 5, 20, 31
 5, 20, 33
 5, 21, 12
 5, 21, 14
 5, 21, 15
 5, 21, 17
 5, 21, 19
 5, 21, 20
 5, 21, 22
 5, 21, 26
 5, 21, 33
 5, 22, 10
 5, 22, 12
 5, 22, 14
 5, 22, 15
 5, 22, 17
 5, 22, 19
 5, 22, 20
 5, 22, 21
 5, 22, 23
 5, 22, 24
 5, 22, 25
 5, 22, 28
 5, 22, 29
 5, 22, 30
 5, 22, 31
 5, 23, 10
 5, 23, 12
 5, 23, 14
 5, 23, 15
 5, 23, 17
 5, 23, 18
 5, 23, 19
 5, 23, 20
 5, 23, 22
 5, 23, 24
 5, 23, 25
 5, 23, 28
 5, 23, 29
 5, 23, 30
 5, 23, 31
 5, 24, 10
 5, 24, 14
 5, 24, 15
 5, 24, 18
 5, 24, 19
 5, 24, 22
 5, 24, 23
 5, 24, 25
 5, 24, 29
 5, 24, 30
 5, 25, 12
 5, 25, 14
 5, 25, 15
 5, 25, 17
 5, 25, 18
 5, 25, 19
 5, 25, 22
 5, 25, 23
 5, 25, 24
 5, 25, 28
 5, 25, 29
 5, 25, 30
 5, 26, 12
 5, 26, 14
 5, 26, 17
 5, 26, 19
 5, 26, 20
 5, 26, 21
 5, 28, 10
 5, 28, 12
 5, 28, 14
 5, 28, 15
 5, 28, 17
 5, 28, 18
 5, 28, 19
 5, 28, 22
 5, 28, 23
 5, 28, 25
 5, 28, 29
 5, 28, 30
 5, 29, 10
 5, 29, 12
 5, 29, 14
 5, 29, 15
 5, 29, 17
 5, 29, 18
 5, 29, 19
 5, 29, 22
 5, 29, 23
 5, 29, 24
 5, 29, 25
 5, 29, 28
 5, 29, 30
 5, 30, 10
 5, 30, 12
 5, 30, 14
 5, 30, 15
 5, 30, 17
 5, 30, 18
 5, 30, 19
 5, 30, 20
 5, 30, 22
 5, 30, 23
 5, 30, 24
 5, 30, 25
 5, 30, 28
 5, 30, 29
 5, 30, 31
 5, 31, 10
 5, 31, 12
 5, 31, 14
 5, 31, 15
 5, 31, 17
 5, 31, 18
 5, 31, 20
 5, 31, 22
 5, 31, 23
 5, 31, 30
 5, 32, 10
 5, 32, 12
 5, 32, 17
 5, 32, 18
 5, 32, 19
 5, 33, 10
 5, 33, 12
 5, 33, 14
 5, 33, 15
 5, 33, 17
 5, 33, 20
 5, 33, 21
 6, 7, 10
 6, 7, 15
 6, 7, 19
 6, 7, 23
 6, 7, 24
 6, 7, 28
 6, 7, 30
 6, 8, 10
 6, 8, 12
 6, 8, 14
 6, 8, 15
 6, 8, 17
 6, 8, 19
 6, 8, 20
 6, 8, 21
 6, 8, 22
 6, 8, 23
 6, 8, 24
 6, 8, 25
 6, 8, 26
 6, 8, 27
 6, 8, 28
 6, 8, 30
 6, 8, 33
 6, 10, 7
 6, 10, 8
 6, 10, 14
 6, 10, 15
 6, 10, 16
 6, 10, 19
 6, 10, 22
 6, 10, 23
 6, 10, 24
 6, 10, 27
 6, 10, 28
 6, 10, 30
 6, 10, 31
 6, 10, 33
 6, 12, 8
 6, 12, 14
 6, 12, 15
 6, 12, 17
 6, 12, 19
 6, 12, 20
 6, 12, 21
 6, 12, 22
 6, 12, 23
 6, 12, 25
 6, 12, 26
 6, 12, 27
 6, 12, 28
 6, 12, 30
 6, 12, 31
 6, 12, 33
 6, 14, 8
 6, 14, 10
 6, 14, 12
 6, 14, 15
 6, 14, 17
 6, 14, 20
 6, 14, 21
 6, 14, 22
 6, 14, 23
 6, 14, 24
 6, 14, 25
 6, 14, 26
 6, 14, 27
 6, 14, 28
 6, 14, 30
 6, 14, 31
 6, 14, 33
 6, 15, 7
 6, 15, 8
 6, 15, 10
 6, 15, 12
 6, 15, 14
 6, 15, 17
 6, 15, 21
 6, 15, 22
 6, 15, 23
 6, 15, 24
 6, 15, 25
 6, 15, 27
 6, 15, 28
 6, 15, 30
 6, 15, 31
 6, 15, 33
 6, 16, 10
 6, 16, 17
 6, 16, 22
 6, 16, 25
 6, 16, 27
 6, 16, 28
 6, 16, 30
 6, 16, 31
 6, 17, 8
 6, 17, 12
 6, 17, 14
 6, 17, 15
 6, 17, 16
 6, 17, 19
 6, 17, 20
 6, 17, 21
 6, 17, 22
 6, 17, 23
 6, 17, 25
 6, 17, 26
 6, 17, 27
 6, 17, 28
 6, 17, 30
 6, 17, 31
 6, 17, 33
 6, 19, 7
 6, 19, 8
 6, 19, 10
 6, 19, 12
 6, 19, 17
 6, 19, 20
 6, 19, 21
 6, 19, 22
 6, 19, 23
 6, 19, 24
 6, 19, 25
 6, 19, 26
 6, 19, 27
 6, 19, 28
 6, 19, 30
 6, 20, 8
 6, 20, 12
 6, 20, 14
 6, 20, 17
 6, 20, 19
 6, 20, 21
 6, 20, 22
 6, 20, 23
 6, 20, 26
 6, 20, 30
 6, 20, 31
 6, 20, 33
 6, 21, 8
 6, 21, 12
 6, 21, 14
 6, 21, 15
 6, 21, 17
 6, 21, 19
 6, 21, 20
 6, 21, 22
 6, 21, 26
 6, 21, 33
 6, 22, 8
 6, 22, 10
 6, 22, 12
 6, 22, 14
 6, 22, 15
 6, 22, 16
 6, 22, 17
 6, 22, 19
 6, 22, 20
 6, 22, 21
 6, 22, 23
 6, 22, 24
 6, 22, 25
 6, 22, 27
 6, 22, 28
 6, 22, 30
 6, 22, 31
 6, 23, 7
 6, 23, 8
 6, 23, 10
 6, 23, 12
 6, 23, 14
 6, 23, 15
 6, 23, 17
 6, 23, 19
 6, 23, 20
 6, 23, 22
 6, 23, 24
 6, 23, 25
 6, 23, 27
 6, 23, 28
 6, 23, 30
 6, 23, 31
 6, 24, 7
 6, 24, 8
 6, 24, 10
 6, 24, 14
 6, 24, 15
 6, 24, 19
 6, 24, 22
 6, 24, 23
 6, 24, 25
 6, 24, 30
 6, 25, 8
 6, 25, 12
 6, 25, 14
 6, 25, 15
 6, 25, 16
 6, 25, 17
 6, 25, 19
 6, 25, 22
 6, 25, 23
 6, 25, 24
 6, 25, 27
 6, 25, 28
 6, 25, 30
 6, 26, 8
 6, 26, 12
 6, 26, 14
 6, 26, 17
 6, 26, 19
 6, 26, 20
 6, 26, 21
 6, 27, 8
 6, 27, 10
 6, 27, 12
 6, 27, 14
 6, 27, 15
 6, 27, 16
 6, 27, 17
 6, 27, 19
 6, 27, 22
 6, 27, 23
 6, 27, 25
 6, 27, 28
 6, 27, 30
 6, 28, 7
 6, 28, 8
 6, 28, 10
 6, 28, 12
 6, 28, 14
 6, 28, 15
 6, 28, 16
 6, 28, 17
 6, 28, 19
 6, 28, 22
 6, 28, 23
 6, 28, 25
 6, 28, 27
 6, 28, 30
 6, 30, 7
 6, 30, 8
 6, 30, 10
 6, 30, 12
 6, 30, 14
 6, 30, 15
 6, 30, 16
 6, 30, 17
 6, 30, 19
 6, 30, 20
 6, 30, 22
 6, 30, 23
 6, 30, 24
 6, 30, 25
 6, 30, 27
 6, 30, 28
 6, 30, 31
 6, 31, 10
 6, 31, 12
 6, 31, 14
 6, 31, 15
 6, 31, 16
 6, 31, 17
 6, 31, 20
 6, 31, 22
 6, 31, 23
 6, 31, 30
 6, 33, 8
 6, 33, 10
 6, 33, 12
 6, 33, 14
 6, 33, 15
 6, 33, 17
 6, 33, 20
 6, 33, 21
 7, 10, 15
 7, 10, 18
 7, 10, 19
 7, 10, 23
 7, 10, 24
 7, 10, 28
 7, 10, 30
 7, 10, 32
 7, 10, 34
 7, 11, 15
 7, 11, 18
 7, 11, 19
 7, 11, 23
 7, 11, 24
 7, 11, 28
 7, 11, 30
 7, 11, 32
 7, 11, 34
 7, 15, 10
 7, 15, 11
 7, 15, 18
 7, 15, 23
 7, 15, 24
 7, 15, 28
 7, 15, 30
 7, 15, 34
 7, 18, 10
 7, 18, 11
 7, 18, 15
 7, 18, 19
 7, 18, 23
 7, 18, 24
 7, 18, 28
 7, 18, 30
 7, 18, 32
 7, 18, 34
 7, 19, 10
 7, 19, 11
 7, 19, 18
 7, 19, 23
 7, 19, 24
 7, 19, 28
 7, 19, 30
 7, 19, 32
 7, 23, 10
 7, 23, 11
 7, 23, 15
 7, 23, 18
 7, 23, 19
 7, 23, 24
 7, 23, 28
 7, 23, 30
 7, 23, 34
 7, 24, 10
 7, 24, 11
 7, 24, 15
 7, 24, 18
 7, 24, 19
 7, 24, 23
 7, 24, 30
 7, 28, 10
 7, 28, 11
 7, 28, 15
 7, 28, 18
 7, 28, 19
 7, 28, 23
 7, 28, 30
 7, 28, 34
 7, 30, 10
 7, 30, 11
 7, 30, 15
 7, 30, 18
 7, 30, 19
 7, 30, 23
 7, 30, 24
 7, 30, 28
 7, 30, 34
 7, 32, 10
 7, 32, 11
 7, 32, 18
 7, 32, 19
 7, 32, 34
 7, 34, 10
 7, 34, 11
 7, 34, 15
 7, 34, 18
 7, 34, 23
 7, 34, 28
 7, 34, 30
 7, 34, 32
 8, 10, 14
 8, 10, 15
 8, 10, 18
 8, 10, 19
 8, 10, 22
 8, 10, 23
 8, 10, 24
 8, 10, 27
 8, 10, 28
 8, 10, 29
 8, 10, 30
 8, 10, 32
 8, 10, 33
 8, 10, 34
 8, 11, 12
 8, 11, 15
 8, 11, 17
 8, 11, 18
 8, 11, 19
 8, 11, 21
 8, 11, 22
 8, 11, 23
 8, 11, 24
 8, 11, 25
 8, 11, 26
 8, 11, 27
 8, 11, 28
 8, 11, 30
 8, 11, 32
 8, 11, 33
 8, 11, 34
 8, 12, 11
 8, 12, 14
 8, 12, 15
 8, 12, 17
 8, 12, 18
 8, 12, 19
 8, 12, 20
 8, 12, 21
 8, 12, 22
 8, 12, 23
 8, 12, 25
 8, 12, 26
 8, 12, 27
 8, 12, 28
 8, 12, 29
 8, 12, 30
 8, 12, 32
 8, 12, 33
 8, 12, 34
 8, 14, 10
 8, 14, 12
 8, 14, 15
 8, 14, 17
 8, 14, 20
 8, 14, 21
 8, 14, 22
 8, 14, 23
 8, 14, 24
 8, 14, 25
 8, 14, 26
 8, 14, 27
 8, 14, 28
 8, 14, 29
 8, 14, 30
 8, 14, 33
 8, 14, 34
 8, 15, 10
 8, 15, 11
 8, 15, 12
 8, 15, 14
 8, 15, 17
 8, 15, 18
 8, 15, 21
 8, 15, 22
 8, 15, 23
 8, 15, 24
 8, 15, 25
 8, 15, 27
 8, 15, 28
 8, 15, 29
 8, 15, 30
 8, 15, 33
 8, 15, 34
 8, 17, 11
 8, 17, 12
 8, 17, 14
 8, 17, 15
 8, 17, 18
 8, 17, 19
 8, 17, 20
 8, 17, 21
 8, 17, 22
 8, 17, 23
 8, 17, 25
 8, 17, 26
 8, 17, 27
 8, 17, 28
 8, 17, 29
 8, 17, 30
 8, 17, 32
 8, 17, 33
 8, 17, 34
 8, 18, 10
 8, 18, 11
 8, 18, 12
 8, 18, 15
 8, 18, 17
 8, 18, 19
 8, 18, 23
 8, 18, 24
 8, 18, 25
 8, 18, 27
 8, 18, 28
 8, 18, 29
 8, 18, 30
 8, 18, 32
 8, 18, 34
 8, 19, 10
 8, 19, 11
 8, 19, 12
 8, 19, 17
 8, 19, 18
 8, 19, 20
 8, 19, 21
 8, 19, 22
 8, 19, 23
 8, 19, 24
 8, 19, 25
 8, 19, 26
 8, 19, 27
 8, 19, 28
 8, 19, 29
 8, 19, 30
 8, 19, 32
 8, 20, 12
 8, 20, 14
 8, 20, 17
 8, 20, 19
 8, 20, 21
 8, 20, 22
 8, 20, 23
 8, 20, 26
 8, 20, 30
 8, 20, 33
 8, 20, 34
 8, 21, 11
 8, 21, 12
 8, 21, 14
 8, 21, 15
 8, 21, 17
 8, 21, 19
 8, 21, 20
 8, 21, 22
 8, 21, 26
 8, 21, 33
 8, 21, 34
 8, 22, 10
 8, 22, 11
 8, 22, 12
 8, 22, 14
 8, 22, 15
 8, 22, 17
 8, 22, 19
 8, 22, 20
 8, 22, 21
 8, 22, 23
 8, 22, 24
 8, 22, 25
 8, 22, 27
 8, 22, 28
 8, 22, 29
 8, 22, 30
 8, 22, 34
 8, 23, 10
 8, 23, 11
 8, 23, 12
 8, 23, 14
 8, 23, 15
 8, 23, 17
 8, 23, 18
 8, 23, 19
 8, 23, 20
 8, 23, 22
 8, 23, 24
 8, 23, 25
 8, 23, 27
 8, 23, 28
 8, 23, 29
 8, 23, 30
 8, 23, 34
 8, 24, 10
 8, 24, 11
 8, 24, 14
 8, 24, 15
 8, 24, 18
 8, 24, 19
 8, 24, 22
 8, 24, 23
 8, 24, 25
 8, 24, 29
 8, 24, 30
 8, 25, 11
 8, 25, 12
 8, 25, 14
 8, 25, 15
 8, 25, 17
 8, 25, 18
 8, 25, 19
 8, 25, 22
 8, 25, 23
 8, 25, 24
 8, 25, 27
 8, 25, 28
 8, 25, 29
 8, 25, 30
 8, 25, 34
 8, 26, 11
 8, 26, 12
 8, 26, 14
 8, 26, 17
 8, 26, 19
 8, 26, 20
 8, 26, 21
 8, 26, 34
 8, 27, 10
 8, 27, 11
 8, 27, 12
 8, 27, 14
 8, 27, 15
 8, 27, 17
 8, 27, 18
 8, 27, 19
 8, 27, 22
 8, 27, 23
 8, 27, 25
 8, 27, 28
 8, 27, 29
 8, 27, 30
 8, 28, 10
 8, 28, 11
 8, 28, 12
 8, 28, 14
 8, 28, 15
 8, 28, 17
 8, 28, 18
 8, 28, 19
 8, 28, 22
 8, 28, 23
 8, 28, 25
 8, 28, 27
 8, 28, 29
 8, 28, 30
 8, 28, 34
 8, 29, 10
 8, 29, 12
 8, 29, 14
 8, 29, 15
 8, 29, 17
 8, 29, 18
 8, 29, 19
 8, 29, 22
 8, 29, 23
 8, 29, 24
 8, 29, 25
 8, 29, 27
 8, 29, 28
 8, 29, 30
 8, 29, 34
 8, 30, 10
 8, 30, 11
 8, 30, 12
 8, 30, 14
 8, 30, 15
 8, 30, 17
 8, 30, 18
 8, 30, 19
 8, 30, 20
 8, 30, 22
 8, 30, 23
 8, 30, 24
 8, 30, 25
 8, 30, 27
 8, 30, 28
 8, 30, 29
 8, 30, 34
 8, 32, 10
 8, 32, 11
 8, 32, 12
 8, 32, 17
 8, 32, 18
 8, 32, 19
 8, 32, 34
 8, 33, 10
 8, 33, 11
 8, 33, 12
 8, 33, 14
 8, 33, 15
 8, 33, 17
 8, 33, 20
 8, 33, 21
 8, 33, 34
 8, 34, 10
 8, 34, 11
 8, 34, 12
 8, 34, 14
 8, 34, 15
 8, 34, 17
 8, 34, 18
 8, 34, 20
 8, 34, 21
 8, 34, 22
 8, 34, 23
 8, 34, 25
 8, 34, 26
 8, 34, 28
 8, 34, 29
 8, 34, 30
 8, 34, 32
 8, 34, 33
 9, 11, 12
 9, 11, 15
 9, 11, 17
 9, 11, 21
 9, 11, 22
 9, 11, 23
 9, 11, 24
 9, 11, 25
 9, 11, 26
 9, 11, 27
 9, 11, 33
 9, 12, 11
 9, 12, 14
 9, 12, 15
 9, 12, 17
 9, 12, 20
 9, 12, 21
 9, 12, 22
 9, 12, 23
 9, 12, 25
 9, 12, 26
 9, 12, 27
 9, 12, 29
 9, 12, 33
 9, 14, 12
 9, 14, 15
 9, 14, 17
 9, 14, 20
 9, 14, 21
 9, 14, 22
 9, 14, 23
 9, 14, 24
 9, 14, 25
 9, 14, 26
 9, 14, 27
 9, 14, 29
 9, 14, 33
 9, 15, 11
 9, 15, 12
 9, 15, 14
 9, 15, 17
 9, 15, 21
 9, 15, 22
 9, 15, 23
 9, 15, 24
 9, 15, 25
 9, 15, 27
 9, 15, 29
 9, 15, 33
 9, 17, 11
 9, 17, 12
 9, 17, 14
 9, 17, 15
 9, 17, 20
 9, 17, 21
 9, 17, 22
 9, 17, 23
 9, 17, 25
 9, 17, 26
 9, 17, 27
 9, 17, 29
 9, 17, 33
 9, 20, 12
 9, 20, 14
 9, 20, 17
 9, 20, 21
 9, 20, 22
 9, 20, 23
 9, 20, 26
 9, 20, 33
 9, 21, 11
 9, 21, 12
 9, 21, 14
 9, 21, 15
 9, 21, 17
 9, 21, 20
 9, 21, 22
 9, 21, 26
 9, 21, 33
 9, 22, 11
 9, 22, 12
 9, 22, 14
 9, 22, 15
 9, 22, 17
 9, 22, 20
 9, 22, 21
 9, 22, 23
 9, 22, 24
 9, 22, 25
 9, 22, 27
 9, 22, 29
 9, 23, 11
 9, 23, 12
 9, 23, 14
 9, 23, 15
 9, 23, 17
 9, 23, 20
 9, 23, 22
 9, 23, 24
 9, 23, 25
 9, 23, 27
 9, 23, 29
 9, 24, 11
 9, 24, 14
 9, 24, 15
 9, 24, 22
 9, 24, 23
 9, 24, 25
 9, 24, 29
 9, 25, 11
 9, 25, 12
 9, 25, 14
 9, 25, 15
 9, 25, 17
 9, 25, 22
 9, 25, 23
 9, 25, 24
 9, 25, 27
 9, 25, 29
 9, 26, 11
 9, 26, 12
 9, 26, 14
 9, 26, 17
 9, 26, 20
 9, 26, 21
 9, 27, 11
 9, 27, 12
 9, 27, 14
 9, 27, 15
 9, 27, 17
 9, 27, 22
 9, 27, 23
 9, 27, 25
 9, 27, 29
 9, 29, 12
 9, 29, 14
 9, 29, 15
 9, 29, 17
 9, 29, 22
 9, 29, 23
 9, 29, 24
 9, 29, 25
 9, 29, 27
 9, 33, 11
 9, 33, 12
 9, 33, 14
 9, 33, 15
 9, 33, 17
 9, 33, 20
 9, 33, 21
 10, 14, 15
 10, 14, 22
 10, 14, 23
 10, 14, 24
 10, 14, 27
 10, 14, 28
 10, 14, 29
 10, 14, 30
 10, 14, 31
 10, 14, 33
 10, 14, 34
 10, 15, 14
 10, 15, 18
 10, 15, 22
 10, 15, 23
 10, 15, 24
 10, 15, 27
 10, 15, 28
 10, 15, 29
 10, 15, 30
 10, 15, 31
 10, 15, 33
 10, 15, 34
 10, 15, 35
 10, 16, 22
 10, 16, 27
 10, 16, 28
 10, 16, 29
 10, 16, 30
 10, 16, 31
 10, 16, 34
 10, 18, 15
 10, 18, 19
 10, 18, 23
 10, 18, 24
 10, 18, 27
 10, 18, 28
 10, 18, 29
 10, 18, 30
 10, 18, 31
 10, 18, 32
 10, 18, 34
 10, 18, 35
 10, 19, 18
 10, 19, 22
 10, 19, 23
 10, 19, 24
 10, 19, 27
 10, 19, 28
 10, 19, 29
 10, 19, 30
 10, 19, 32
 10, 22, 14
 10, 22, 15
 10, 22, 16
 10, 22, 19
 10, 22, 23
 10, 22, 24
 10, 22, 27
 10, 22, 28
 10, 22, 29
 10, 22, 30
 10, 22, 31
 10, 22, 34
 10, 22, 35
 10, 23, 14
 10, 23, 15
 10, 23, 18
 10, 23, 19
 10, 23, 22
 10, 23, 24
 10, 23, 27
 10, 23, 28
 10, 23, 29
 10, 23, 30
 10, 23, 31
 10, 23, 34
 10, 23, 35
 10, 24, 14
 10, 24, 15
 10, 24, 18
 10, 24, 19
 10, 24, 22
 10, 24, 23
 10, 24, 29
 10, 24, 30
 10, 27, 14
 10, 27, 15
 10, 27, 16
 10, 27, 18
 10, 27, 19
 10, 27, 22
 10, 27, 23
 10, 27, 28
 10, 27, 29
 10, 27, 30
 10, 27, 35
 10, 28, 14
 10, 28, 15
 10, 28, 16
 10, 28, 18
 10, 28, 19
 10, 28, 22
 10, 28, 23
 10, 28, 27
 10, 28, 29
 10, 28, 30
 10, 28, 34
 10, 28, 35
 10, 29, 14
 10, 29, 15
 10, 29, 16
 10, 29, 18
 10, 29, 19
 10, 29, 22
 10, 29, 23
 10, 29, 24
 10, 29, 27
 10, 29, 28
 10, 29, 30
 10, 29, 34
 10, 29, 35
 10, 30, 14
 10, 30, 15
 10, 30, 16
 10, 30, 18
 10, 30, 19
 10, 30, 22
 10, 30, 23
 10, 30, 24
 10, 30, 27
 10, 30, 28
 10, 30, 29
 10, 30, 31
 10, 30, 34
 10, 31, 14
 10, 31, 15
 10, 31, 16
 10, 31, 18
 10, 31, 22
 10, 31, 23
 10, 31, 30
 10, 31, 34
 10, 31, 35
 10, 32, 18
 10, 32, 19
 10, 32, 34
 10, 32, 35
 10, 33, 14
 10, 33, 15
 10, 33, 34
 10, 34, 14
 10, 34, 15
 10, 34, 16
 10, 34, 18
 10, 34, 22
 10, 34, 23
 10, 34, 28
 10, 34, 29
 10, 34, 30
 10, 34, 31
 10, 34, 32
 10, 34, 33
 10, 34, 35
 10, 35, 15
 10, 35, 18
 10, 35, 22
 10, 35, 23
 10, 35, 27
 10, 35, 28
 10, 35, 29
 10, 35, 31
 10, 35, 32
 10, 35, 34
 11, 12, 15
 11, 12, 17
 11, 12, 18
 11, 12, 19
 11, 12, 21
 11, 12, 22
 11, 12, 23
 11, 12, 25
 11, 12, 26
 11, 12, 27
 11, 12, 28
 11, 12, 30
 11, 12, 31
 11, 12, 32
 11, 12, 33
 11, 12, 34
 11, 15, 12
 11, 15, 17
 11, 15, 18
 11, 15, 21
 11, 15, 22
 11, 15, 23
 11, 15, 24
 11, 15, 25
 11, 15, 27
 11, 15, 28
 11, 15, 30
 11, 15, 31
 11, 15, 33
 11, 15, 34
 11, 16, 17
 11, 16, 22
 11, 16, 25
 11, 16, 27
 11, 16, 28
 11, 16, 30
 11, 16, 31
 11, 16, 34
 11, 17, 12
 11, 17, 15
 11, 17, 16
 11, 17, 18
 11, 17, 19
 11, 17, 21
 11, 17, 22
 11, 17, 23
 11, 17, 25
 11, 17, 26
 11, 17, 27
 11, 17, 28
 11, 17, 30
 11, 17, 31
 11, 17, 32
 11, 17, 33
 11, 17, 34
 11, 18, 12
 11, 18, 15
 11, 18, 17
 11, 18, 19
 11, 18, 23
 11, 18, 24
 11, 18, 25
 11, 18, 27
 11, 18, 28
 11, 18, 30
 11, 18, 31
 11, 18, 32
 11, 18, 34
 11, 19, 12
 11, 19, 17
 11, 19, 18
 11, 19, 21
 11, 19, 22
 11, 19, 23
 11, 19, 24
 11, 19, 25
 11, 19, 26
 11, 19, 27
 11, 19, 28
 11, 19, 30
 11, 19, 32
 11, 21, 12
 11, 21, 15
 11, 21, 17
 11, 21, 19
 11, 21, 22
 11, 21, 26
 11, 21, 33
 11, 21, 34
 11, 22, 12
 11, 22, 15
 11, 22, 16
 11, 22, 17
 11, 22, 19
 11, 22, 21
 11, 22, 23
 11, 22, 24
 11, 22, 25
 11, 22, 27
 11, 22, 28
 11, 22, 30
 11, 22, 31
 11, 22, 34
 11, 23, 12
 11, 23, 15
 11, 23, 17
 11, 23, 18
 11, 23, 19
 11, 23, 22
 11, 23, 24
 11, 23, 25
 11, 23, 27
 11, 23, 28
 11, 23, 30
 11, 23, 31
 11, 23, 34
 11, 24, 15
 11, 24, 18
 11, 24, 19
 11, 24, 22
 11, 24, 23
 11, 24, 25
 11, 24, 30
 11, 25, 12
 11, 25, 15
 11, 25, 16
 11, 25, 17
 11, 25, 18
 11, 25, 19
 11, 25, 22
 11, 25, 23
 11, 25, 24
 11, 25, 27
 11, 25, 28
 11, 25, 30
 11, 25, 34
 11, 26, 12
 11, 26, 17
 11, 26, 19
 11, 26, 21
 11, 26, 34
 11, 27, 12
 11, 27, 15
 11, 27, 16
 11, 27, 17
 11, 27, 18
 11, 27, 19
 11, 27, 22
 11, 27, 23
 11, 27, 25
 11, 27, 28
 11, 27, 30
 11, 28, 12
 11, 28, 15
 11, 28, 16
 11, 28, 17
 11, 28, 18
 11, 28, 19
 11, 28, 22
 11, 28, 23
 11, 28, 25
 11, 28, 27
 11, 28, 30
 11, 28, 34
 11, 30, 12
 11, 30, 15
 11, 30, 16
 11, 30, 17
 11, 30, 18
 11, 30, 19
 11, 30, 22
 11, 30, 23
 11, 30, 24
 11, 30, 25
 11, 30, 27
 11, 30, 28
 11, 30, 31
 11, 30, 34
 11, 31, 12
 11, 31, 15
 11, 31, 16
 11, 31, 17
 11, 31, 18
 11, 31, 22
 11, 31, 23
 11, 31, 30
 11, 31, 34
 11, 32, 12
 11, 32, 17
 11, 32, 18
 11, 32, 19
 11, 32, 34
 11, 33, 12
 11, 33, 15
 11, 33, 17
 11, 33, 21
 11, 33, 34
 11, 34, 12
 11, 34, 15
 11, 34, 16
 11, 34, 17
 11, 34, 18
 11, 34, 21
 11, 34, 22
 11, 34, 23
 11, 34, 25
 11, 34, 26
 11, 34, 28
 11, 34, 30
 11, 34, 31
 11, 34, 32
 11, 34, 33
 12, 14, 15
 12, 14, 17
 12, 14, 20
 12, 14, 21
 12, 14, 22
 12, 14, 23
 12, 14, 25
 12, 14, 26
 12, 14, 27
 12, 14, 28
 12, 14, 29
 12, 14, 30
 12, 14, 31
 12, 14, 33
 12, 14, 34
 12, 15, 14
 12, 15, 17
 12, 15, 18
 12, 15, 21
 12, 15, 22
 12, 15, 23
 12, 15, 25
 12, 15, 27
 12, 15, 28
 12, 15, 29
 12, 15, 30
 12, 15, 31
 12, 15, 33
 12, 15, 34
 12, 17, 14
 12, 17, 15
 12, 17, 18
 12, 17, 19
 12, 17, 20
 12, 17, 21
 12, 17, 22
 12, 17, 23
 12, 17, 25
 12, 17, 26
 12, 17, 27
 12, 17, 28
 12, 17, 29
 12, 17, 30
 12, 17, 31
 12, 17, 32
 12, 17, 33
 12, 17, 34
 12, 18, 15
 12, 18, 17
 12, 18, 19
 12, 18, 23
 12, 18, 25
 12, 18, 27
 12, 18, 28
 12, 18, 29
 12, 18, 30
 12, 18, 31
 12, 18, 32
 12, 18, 34
 12, 19, 17
 12, 19, 18
 12, 19, 20
 12, 19, 21
 12, 19, 22
 12, 19, 23
 12, 19, 25
 12, 19, 26
 12, 19, 27
 12, 19, 28
 12, 19, 29
 12, 19, 30
 12, 19, 32
 12, 20, 14
 12, 20, 17
 12, 20, 19
 12, 20, 21
 12, 20, 22
 12, 20, 23
 12, 20, 26
 12, 20, 30
 12, 20, 31
 12, 20, 33
 12, 20, 34
 12, 21, 14
 12, 21, 15
 12, 21, 17
 12, 21, 19
 12, 21, 20
 12, 21, 22
 12, 21, 26
 12, 21, 33
 12, 21, 34
 12, 22, 14
 12, 22, 15
 12, 22, 17
 12, 22, 19
 12, 22, 20
 12, 22, 21
 12, 22, 23
 12, 22, 25
 12, 22, 27
 12, 22, 28
 12, 22, 29
 12, 22, 30
 12, 22, 31
 12, 22, 34
 12, 23, 14
 12, 23, 15
 12, 23, 17
 12, 23, 18
 12, 23, 19
 12, 23, 20
 12, 23, 22
 12, 23, 25
 12, 23, 27
 12, 23, 28
 12, 23, 29
 12, 23, 30
 12, 23, 31
 12, 23, 34
 12, 25, 14
 12, 25, 15
 12, 25, 17
 12, 25, 18
 12, 25, 19
 12, 25, 22
 12, 25, 23
 12, 25, 27
 12, 25, 28
 12, 25, 29
 12, 25, 30
 12, 25, 34
 12, 26, 14
 12, 26, 17
 12, 26, 19
 12, 26, 20
 12, 26, 21
 12, 26, 34
 12, 27, 14
 12, 27, 15
 12, 27, 17
 12, 27, 18
 12, 27, 19
 12, 27, 22
 12, 27, 23
 12, 27, 25
 12, 27, 28
 12, 27, 29
 12, 27, 30
 12, 28, 14
 12, 28, 15
 12, 28, 17
 12, 28, 18
 12, 28, 19
 12, 28, 22
 12, 28, 23
 12, 28, 25
 12, 28, 27
 12, 28, 29
 12, 28, 30
 12, 28, 34
 12, 29, 14
 12, 29, 15
 12, 29, 17
 12, 29, 18
 12, 29, 19
 12, 29, 22
 12, 29, 23
 12, 29, 25
 12, 29, 27
 12, 29, 28
 12, 29, 30
 12, 29, 34
 12, 30, 14
 12, 30, 15
 12, 30, 17
 12, 30, 18
 12, 30, 19
 12, 30, 20
 12, 30, 22
 12, 30, 23
 12, 30, 25
 12, 30, 27
 12, 30, 28
 12, 30, 29
 12, 30, 31
 12, 30, 34
 12, 31, 14
 12, 31, 15
 12, 31, 17
 12, 31, 18
 12, 31, 20
 12, 31, 22
 12, 31, 23
 12, 31, 30
 12, 31, 34
 12, 32, 17
 12, 32, 18
 12, 32, 19
 12, 32, 34
 12, 33, 14
 12, 33, 15
 12, 33, 17
 12, 33, 20
 12, 33, 21
 12, 33, 34
 12, 34, 14
 12, 34, 15
 12, 34, 17
 12, 34, 18
 12, 34, 20
 12, 34, 21
 12, 34, 22
 12, 34, 23
 12, 34, 25
 12, 34, 26
 12, 34, 28
 12, 34, 29
 12, 34, 30
 12, 34, 31
 12, 34, 32
 12, 34, 33
 13, 14, 17
 13, 14, 21
 13, 14, 26
 13, 14, 31
 13, 14, 33
 13, 14, 34
 13, 17, 14
 13, 17, 18
 13, 17, 21
 13, 17, 26
 13, 17, 31
 13, 17, 32
 13, 17, 33
 13, 17, 34
 13, 18, 17
 13, 18, 31
 13, 18, 32
 13, 18, 34
 13, 21, 14
 13, 21, 17
 13, 21, 26
 13, 21, 33
 13, 21, 34
 13, 26, 14
 13, 26, 17
 13, 26, 21
 13, 26, 34
 13, 31, 14
 13, 31, 17
 13, 31, 18
 13, 31, 34
 13, 32, 17
 13, 32, 18
 13, 32, 34
 13, 33, 14
 13, 33, 17
 13, 33, 21
 13, 33, 34
 13, 34, 14
 13, 34, 17
 13, 34, 18
 13, 34, 21
 13, 34, 26
 13, 34, 31
 13, 34, 32
 13, 34, 33
 14, 15, 17
 14, 15, 21
 14, 15, 22
 14, 15, 23
 14, 15, 24
 14, 15, 25
 14, 15, 27
 14, 15, 28
 14, 15, 29
 14, 15, 30
 14, 15, 31
 14, 15, 33
 14, 15, 34
 14, 17, 15
 14, 17, 20
 14, 17, 21
 14, 17, 22
 14, 17, 23
 14, 17, 25
 14, 17, 26
 14, 17, 27
 14, 17, 28
 14, 17, 29
 14, 17, 30
 14, 17, 31
 14, 17, 33
 14, 17, 34
 14, 20, 17
 14, 20, 21
 14, 20, 22
 14, 20, 23
 14, 20, 26
 14, 20, 30
 14, 20, 31
 14, 20, 33
 14, 20, 34
 14, 21, 15
 14, 21, 17
 14, 21, 20
 14, 21, 22
 14, 21, 26
 14, 21, 33
 14, 21, 34
 14, 22, 15
 14, 22, 17
 14, 22, 20
 14, 22, 21
 14, 22, 23
 14, 22, 24
 14, 22, 25
 14, 22, 27
 14, 22, 28
 14, 22, 29
 14, 22, 30
 14, 22, 31
 14, 22, 34
 14, 23, 15
 14, 23, 17
 14, 23, 20
 14, 23, 22
 14, 23, 24
 14, 23, 25
 14, 23, 27
 14, 23, 28
 14, 23, 29
 14, 23, 30
 14, 23, 31
 14, 23, 34
 14, 24, 15
 14, 24, 22
 14, 24, 23
 14, 24, 25
 14, 24, 29
 14, 24, 30
 14, 25, 15
 14, 25, 17
 14, 25, 22
 14, 25, 23
 14, 25, 24
 14, 25, 27
 14, 25, 28
 14, 25, 29
 14, 25, 30
 14, 25, 34
 14, 26, 17
 14, 26, 20
 14, 26, 21
 14, 26, 34
 14, 27, 15
 14, 27, 17
 14, 27, 22
 14, 27, 23
 14, 27, 25
 14, 27, 28
 14, 27, 29
 14, 27, 30
 14, 28, 15
 14, 28, 17
 14, 28, 22
 14, 28, 23
 14, 28, 25
 14, 28, 27
 14, 28, 29
 14, 28, 30
 14, 28, 34
 14, 29, 15
 14, 29, 17
 14, 29, 22
 14, 29, 23
 14, 29, 24
 14, 29, 25
 14, 29, 27
 14, 29, 28
 14, 29, 30
 14, 29, 34
 14, 30, 15
 14, 30, 17
 14, 30, 20
 14, 30, 22
 14, 30, 23
 14, 30, 24
 14, 30, 25
 14, 30, 27
 14, 30, 28
 14, 30, 29
 14, 30, 31
 14, 30, 34
 14, 31, 15
 14, 31, 17
 14, 31, 20
 14, 31, 22
 14, 31, 23
 14, 31, 30
 14, 31, 34
 14, 33, 15
 14, 33, 17
 14, 33, 20
 14, 33, 21
 14, 33, 34
 14, 34, 15
 14, 34, 17
 14, 34, 20
 14, 34, 21
 14, 34, 22
 14, 34, 23
 14, 34, 25
 14, 34, 26
 14, 34, 28
 14, 34, 29
 14, 34, 30
 14, 34, 31
 14, 34, 33
 15, 17, 18
 15, 17, 21
 15, 17, 22
 15, 17, 23
 15, 17, 25
 15, 17, 27
 15, 17, 28
 15, 17, 29
 15, 17, 30
 15, 17, 31
 15, 17, 33
 15, 17, 34
 15, 17, 35
 15, 18, 17
 15, 18, 23
 15, 18, 24
 15, 18, 25
 15, 18, 27
 15, 18, 28
 15, 18, 29
 15, 18, 30
 15, 18, 31
 15, 18, 34
 15, 18, 35
 15, 21, 17
 15, 21, 22
 15, 21, 33
 15, 21, 34
 15, 22, 17
 15, 22, 21
 15, 22, 23
 15, 22, 24
 15, 22, 25
 15, 22, 27
 15, 22, 28
 15, 22, 29
 15, 22, 30
 15, 22, 31
 15, 22, 34
 15, 22, 35
 15, 23, 17
 15, 23, 18
 15, 23, 22
 15, 23, 24
 15, 23, 25
 15, 23, 27
 15, 23, 28
 15, 23, 29
 15, 23, 30
 15, 23, 31
 15, 23, 34
 15, 23, 35
 15, 24, 18
 15, 24, 22
 15, 24, 23
 15, 24, 25
 15, 24, 29
 15, 24, 30
 15, 25, 17
 15, 25, 18
 15, 25, 22
 15, 25, 23
 15, 25, 24
 15, 25, 27
 15, 25, 28
 15, 25, 29
 15, 25, 30
 15, 25, 34
 15, 27, 17
 15, 27, 18
 15, 27, 22
 15, 27, 23
 15, 27, 25
 15, 27, 28
 15, 27, 29
 15, 27, 30
 15, 27, 35
 15, 28, 17
 15, 28, 18
 15, 28, 22
 15, 28, 23
 15, 28, 25
 15, 28, 27
 15, 28, 29
 15, 28, 30
 15, 28, 34
 15, 28, 35
 15, 29, 17
 15, 29, 18
 15, 29, 22
 15, 29, 23
 15, 29, 24
 15, 29, 25
 15, 29, 27
 15, 29, 28
 15, 29, 30
 15, 29, 34
 15, 29, 35
 15, 30, 17
 15, 30, 18
 15, 30, 22
 15, 30, 23
 15, 30, 24
 15, 30, 25
 15, 30, 27
 15, 30, 28
 15, 30, 29
 15, 30, 31
 15, 30, 34
 15, 31, 17
 15, 31, 18
 15, 31, 22
 15, 31, 23
 15, 31, 30
 15, 31, 34
 15, 31, 35
 15, 33, 17
 15, 33, 21
 15, 33, 34
 15, 34, 17
 15, 34, 18
 15, 34, 21
 15, 34, 22
 15, 34, 23
 15, 34, 25
 15, 34, 28
 15, 34, 29
 15, 34, 30
 15, 34, 31
 15, 34, 33
 15, 34, 35
 15, 35, 17
 15, 35, 18
 15, 35, 22
 15, 35, 23
 15, 35, 27
 15, 35, 28
 15, 35, 29
 15, 35, 31
 15, 35, 34
 16, 17, 22
 16, 17, 25
 16, 17, 27
 16, 17, 28
 16, 17, 29
 16, 17, 30
 16, 17, 31
 16, 17, 34
 16, 22, 17
 16, 22, 25
 16, 22, 27
 16, 22, 28
 16, 22, 29
 16, 22, 30
 16, 22, 31
 16, 22, 34
 16, 25, 17
 16, 25, 22
 16, 25, 27
 16, 25, 28
 16, 25, 29
 16, 25, 30
 16, 25, 34
 16, 27, 17
 16, 27, 22
 16, 27, 25
 16, 27, 28
 16, 27, 29
 16, 27, 30
 16, 28, 17
 16, 28, 22
 16, 28, 25
 16, 28, 27
 16, 28, 29
 16, 28, 30
 16, 28, 34
 16, 29, 17
 16, 29, 22
 16, 29, 25
 16, 29, 27
 16, 29, 28
 16, 29, 30
 16, 29, 34
 16, 30, 17
 16, 30, 22
 16, 30, 25
 16, 30, 27
 16, 30, 28
 16, 30, 29
 16, 30, 31
 16, 30, 34
 16, 31, 17
 16, 31, 22
 16, 31, 30
 16, 31, 34
 16, 34, 17
 16, 34, 22
 16, 34, 25
 16, 34, 28
 16, 34, 29
 16, 34, 30
 16, 34, 31
 17, 18, 19
 17, 18, 23
 17, 18, 25
 17, 18, 27
 17, 18, 28
 17, 18, 29
 17, 18, 30
 17, 18, 31
 17, 18, 32
 17, 18, 34
 17, 18, 35
 17, 19, 18
 17, 19, 20
 17, 19, 21
 17, 19, 22
 17, 19, 23
 17, 19, 25
 17, 19, 26
 17, 19, 27
 17, 19, 28
 17, 19, 29
 17, 19, 30
 17, 19, 32
 17, 20, 19
 17, 20, 21
 17, 20, 22
 17, 20, 23
 17, 20, 26
 17, 20, 30
 17, 20, 31
 17, 20, 33
 17, 20, 34
 17, 21, 19
 17, 21, 20
 17, 21, 22
 17, 21, 26
 17, 21, 33
 17, 21, 34
 17, 22, 19
 17, 22, 20
 17, 22, 21
 17, 22, 23
 17, 22, 25
 17, 22, 27
 17, 22, 28
 17, 22, 29
 17, 22, 30
 17, 22, 31
 17, 22, 34
 17, 22, 35
 17, 23, 18
 17, 23, 19
 17, 23, 20
 17, 23, 22
 17, 23, 25
 17, 23, 27
 17, 23, 28
 17, 23, 29
 17, 23, 30
 17, 23, 31
 17, 23, 34
 17, 23, 35
 17, 25, 18
 17, 25, 19
 17, 25, 22
 17, 25, 23
 17, 25, 27
 17, 25, 28
 17, 25, 29
 17, 25, 30
 17, 25, 34
 17, 26, 19
 17, 26, 20
 17, 26, 21
 17, 26, 34
 17, 26, 35
 17, 27, 18
 17, 27, 19
 17, 27, 22
 17, 27, 23
 17, 27, 25
 17, 27, 28
 17, 27, 29
 17, 27, 30
 17, 27, 35
 17, 28, 18
 17, 28, 19
 17, 28, 22
 17, 28, 23
 17, 28, 25
 17, 28, 27
 17, 28, 29
 17, 28, 30
 17, 28, 34
 17, 28, 35
 17, 29, 18
 17, 29, 19
 17, 29, 22
 17, 29, 23
 17, 29, 25
 17, 29, 27
 17, 29, 28
 17, 29, 30
 17, 29, 34
 17, 29, 35
 17, 30, 18
 17, 30, 19
 17, 30, 20
 17, 30, 22
 17, 30, 23
 17, 30, 25
 17, 30, 27
 17, 30, 28
 17, 30, 29
 17, 30, 31
 17, 30, 34
 17, 31, 18
 17, 31, 20
 17, 31, 22
 17, 31, 23
 17, 31, 30
 17, 31, 34
 17, 31, 35
 17, 32, 18
 17, 32, 19
 17, 32, 34
 17, 32, 35
 17, 33, 20
 17, 33, 21
 17, 33, 34
 17, 34, 18
 17, 34, 20
 17, 34, 21
 17, 34, 22
 17, 34, 23
 17, 34, 25
 17, 34, 26
 17, 34, 28
 17, 34, 29
 17, 34, 30
 17, 34, 31
 17, 34, 32
 17, 34, 33
 17, 34, 35
 17, 35, 18
 17, 35, 22
 17, 35, 23
 17, 35, 26
 17, 35, 27
 17, 35, 28
 17, 35, 29
 17, 35, 31
 17, 35, 32
 17, 35, 34
 18, 19, 23
 18, 19, 24
 18, 19, 25
 18, 19, 27
 18, 19, 28
 18, 19, 29
 18, 19, 30
 18, 19, 32
 18, 23, 19
 18, 23, 24
 18, 23, 25
 18, 23, 27
 18, 23, 28
 18, 23, 29
 18, 23, 30
 18, 23, 31
 18, 23, 34
 18, 23, 35
 18, 24, 19
 18, 24, 23
 18, 24, 25
 18, 24, 29
 18, 24, 30
 18, 25, 19
 18, 25, 23
 18, 25, 24
 18, 25, 27
 18, 25, 28
 18, 25, 29
 18, 25, 30
 18, 25, 34
 18, 27, 19
 18, 27, 23
 18, 27, 25
 18, 27, 28
 18, 27, 29
 18, 27, 30
 18, 27, 35
 18, 28, 19
 18, 28, 23
 18, 28, 25
 18, 28, 27
 18, 28, 29
 18, 28, 30
 18, 28, 34
 18, 28, 35
 18, 29, 19
 18, 29, 23
 18, 29, 24
 18, 29, 25
 18, 29, 27
 18, 29, 28
 18, 29, 30
 18, 29, 34
 18, 29, 35
 18, 30, 19
 18, 30, 23
 18, 30, 24
 18, 30, 25
 18, 30, 27
 18, 30, 28
 18, 30, 29
 18, 30, 31
 18, 30, 34
 18, 31, 23
 18, 31, 30
 18, 31, 34
 18, 31, 35
 18, 32, 19
 18, 32, 34
 18, 32, 35
 18, 34, 23
 18, 34, 25
 18, 34, 28
 18, 34, 29
 18, 34, 30
 18, 34, 31
 18, 34, 32
 18, 34, 35
 18, 35, 23
 18, 35, 27
 18, 35, 28
 18, 35, 29
 18, 35, 31
 18, 35, 32
 18, 35, 34
 19, 20, 21
 19, 20, 22
 19, 20, 23
 19, 20, 26
 19, 20, 30
 19, 21, 20
 19, 21, 22
 19, 21, 26
 19, 22, 20
 19, 22, 21
 19, 22, 23
 19, 22, 24
 19, 22, 25
 19, 22, 27
 19, 22, 28
 19, 22, 29
 19, 22, 30
 19, 23, 20
 19, 23, 22
 19, 23, 24
 19, 23, 25
 19, 23, 27
 19, 23, 28
 19, 23, 29
 19, 23, 30
 19, 24, 22
 19, 24, 23
 19, 24, 25
 19, 24, 29
 19, 24, 30
 19, 25, 22
 19, 25, 23
 19, 25, 24
 19, 25, 27
 19, 25, 28
 19, 25, 29
 19, 25, 30
 19, 26, 20
 19, 26, 21
 19, 27, 22
 19, 27, 23
 19, 27, 25
 19, 27, 28
 19, 27, 29
 19, 27, 30
 19, 28, 22
 19, 28, 23
 19, 28, 25
 19, 28, 27
 19, 28, 29
 19, 28, 30
 19, 29, 22
 19, 29, 23
 19, 29, 24
 19, 29, 25
 19, 29, 27
 19, 29, 28
 19, 29, 30
 19, 30, 20
 19, 30, 22
 19, 30, 23
 19, 30, 24
 19, 30, 25
 19, 30, 27
 19, 30, 28
 19, 30, 29
 20, 21, 22
 20, 21, 26
 20, 21, 33
 20, 21, 34
 20, 22, 21
 20, 22, 23
 20, 22, 30
 20, 22, 31
 20, 22, 34
 20, 23, 22
 20, 23, 30
 20, 23, 31
 20, 23, 34
 20, 26, 21
 20, 26, 34
 20, 30, 22
 20, 30, 23
 20, 30, 31
 20, 30, 34
 20, 31, 22
 20, 31, 23
 20, 31, 30
 20, 31, 34
 20, 33, 21
 20, 33, 34
 20, 34, 21
 20, 34, 22
 20, 34, 23
 20, 34, 26
 20, 34, 30
 20, 34, 31
 20, 34, 33
 21, 22, 34
 21, 26, 34
 21, 33, 34
 21, 34, 22
 21, 34, 26
 21, 34, 33
 22, 23, 24
 22, 23, 25
 22, 23, 27
 22, 23, 28
 22, 23, 29
 22, 23, 30
 22, 23, 31
 22, 23, 34
 22, 23, 35
 22, 24, 23
 22, 24, 25
 22, 24, 29
 22, 24, 30
 22, 25, 23
 22, 25, 24
 22, 25, 27
 22, 25, 28
 22, 25, 29
 22, 25, 30
 22, 25, 34
 22, 27, 23
 22, 27, 25
 22, 27, 28
 22, 27, 29
 22, 27, 30
 22, 27, 35
 22, 28, 23
 22, 28, 25
 22, 28, 27
 22, 28, 29
 22, 28, 30
 22, 28, 34
 22, 28, 35
 22, 29, 23
 22, 29, 24
 22, 29, 25
 22, 29, 27
 22, 29, 28
 22, 29, 30
 22, 29, 34
 22, 29, 35
 22, 30, 23
 22, 30, 24
 22, 30, 25
 22, 30, 27
 22, 30, 28
 22, 30, 29
 22, 30, 31
 22, 30, 34
 22, 31, 23
 22, 31, 30
 22, 31, 34
 22, 31, 35
 22, 34, 23
 22, 34, 25
 22, 34, 28
 22, 34, 29
 22, 34, 30
 22, 34, 31
 22, 34, 35
 22, 35, 23
 22, 35, 27
 22, 35, 28
 22, 35, 29
 22, 35, 31
 22, 35, 34
 23, 24, 25
 23, 24, 29
 23, 24, 30
 23, 25, 24
 23, 25, 27
 23, 25, 28
 23, 25, 29
 23, 25, 30
 23, 25, 34
 23, 27, 25
 23, 27, 28
 23, 27, 29
 23, 27, 30
 23, 27, 35
 23, 28, 25
 23, 28, 27
 23, 28, 29
 23, 28, 30
 23, 28, 34
 23, 28, 35
 23, 29, 24
 23, 29, 25
 23, 29, 27
 23, 29, 28
 23, 29, 30
 23, 29, 34
 23, 29, 35
 23, 30, 24
 23, 30, 25
 23, 30, 27
 23, 30, 28
 23, 30, 29
 23, 30, 31
 23, 30, 34
 23, 31, 30
 23, 31, 34
 23, 31, 35
 23, 34, 25
 23, 34, 28
 23, 34, 29
 23, 34, 30
 23, 34, 31
 23, 34, 35
 23, 35, 27
 23, 35, 28
 23, 35, 29
 23, 35, 31
 23, 35, 34
 24, 25, 29
 24, 25, 30
 24, 29, 25
 24, 29, 30
 24, 30, 25
 24, 30, 29
 25, 27, 28
 25, 27, 29
 25, 27, 30
 25, 28, 27
 25, 28, 29
 25, 28, 30
 25, 28, 34
 25, 29, 27
 25, 29, 28
 25, 29, 30
 25, 29, 34
 25, 30, 27
 25, 30, 28
 25, 30, 29
 25, 30, 34
 25, 34, 28
 25, 34, 29
 25, 34, 30
 26, 34, 35
 26, 35, 34
 27, 28, 29
 27, 28, 30
 27, 28, 35
 27, 29, 28
 27, 29, 30
 27, 29, 35
 27, 30, 28
 27, 30, 29
 27, 35, 28
 27, 35, 29
 28, 29, 30
 28, 29, 34
 28, 29, 35
 28, 30, 29
 28, 30, 34
 28, 34, 29
 28, 34, 30
 28, 34, 35
 28, 35, 29
 28, 35, 34
 29, 30, 34
 29, 34, 30
 29, 34, 35
 29, 35, 34
 30, 31, 34
 30, 34, 31
 31, 34, 35
 31, 35, 34
 32, 34, 35
 32, 35, 34
