0, 1, 2
 0, 1, 3
 0, 1, 4
 0, 1, 5
 0, 1, 13
 0, 1, 14
 0, 1, 15
 0, 1, 16
 0, 1, 17
 0, 2, 1
 0, 3, 1
 0, 4, 1
 0, 5, 1
 0, 13, 1
 0, 14, 1
 0, 15, 1
 0, 16, 1
 0, 16, 17
 0, 17, 1
 0, 17, 16
 1, 2, 19
 1, 2, 20
 1, 2, 21
 1, 2, 22
 1, 2, 23
 1, 2, 24
 1, 2, 25
 1, 2, 26
 1, 2, 27
 1, 2, 28
 1, 2, 29
 1, 2, 30
 1, 2, 47
 1, 2, 51
 1, 3, 19
 1, 3, 20
 1, 3, 21
 1, 3, 22
 1, 3, 23
 1, 3, 24
 1, 3, 26
 1, 3, 27
 1, 3, 28
 1, 3, 29
 1, 3, 30
 1, 3, 47
 1, 3, 51
 1, 4, 20
 1, 4, 24
 1, 4, 27
 1, 4, 28
 1, 4, 47
 1, 4, 51
 1, 5, 19
 1, 5, 20
 1, 5, 21
 1, 5, 22
 1, 5, 23
 1, 5, 24
 1, 5, 25
 1, 5, 26
 1, 5, 28
 1, 5, 29
 1, 5, 30
 1, 5, 47
 1, 5, 51
 1, 6, 19
 1, 6, 20
 1, 6, 22
 1, 6, 24
 1, 6, 27
 1, 6, 28
 1, 6, 47
 1, 6, 51
 1, 12, 19
 1, 12, 22
 1, 12, 24
 1, 12, 27
 1, 12, 29
 1, 12, 47
 1, 12, 51
 1, 13, 19
 1, 13, 21
 1, 13, 22
 1, 13, 23
 1, 13, 24
 1, 13, 26
 1, 13, 27
 1, 13, 29
 1, 13, 30
 1, 13, 47
 1, 13, 51
 1, 14, 19
 1, 14, 21
 1, 14, 22
 1, 14, 23
 1, 14, 24
 1, 14, 26
 1, 14, 27
 1, 14, 29
 1, 14, 30
 1, 14, 47
 1, 14, 51
 1, 15, 19
 1, 15, 20
 1, 15, 22
 1, 15, 23
 1, 15, 24
 1, 15, 26
 1, 15, 27
 1, 15, 28
 1, 15, 29
 1, 15, 30
 1, 15, 47
 1, 15, 51
 1, 16, 17
 1, 16, 19
 1, 16, 20
 1, 16, 22
 1, 16, 24
 1, 16, 27
 1, 16, 28
 1, 16, 29
 1, 16, 30
 1, 16, 47
 1, 16, 51
 1, 17, 16
 1, 17, 20
 1, 17, 24
 1, 17, 25
 1, 17, 27
 1, 17, 28
 1, 17, 47
 1, 17, 51
 1, 19, 2
 1, 19, 3
 1, 19, 5
 1, 19, 6
 1, 19, 12
 1, 19, 13
 1, 19, 14
 1, 19, 15
 1, 19, 16
 1, 19, 20
 1, 19, 21
 1, 19, 23
 1, 19, 25
 1, 19, 26
 1, 19, 27
 1, 19, 28
 1, 19, 29
 1, 19, 30
 1, 19, 47
 1, 19, 51
 1, 20, 2
 1, 20, 3
 1, 20, 4
 1, 20, 5
 1, 20, 6
 1, 20, 15
 1, 20, 16
 1, 20, 17
 1, 20, 19
 1, 20, 21
 1, 20, 22
 1, 20, 23
 1, 20, 24
 1, 20, 27
 1, 20, 28
 1, 20, 29
 1, 20, 47
 1, 20, 51
 1, 21, 2
 1, 21, 3
 1, 21, 5
 1, 21, 13
 1, 21, 14
 1, 21, 19
 1, 21, 20
 1, 21, 22
 1, 21, 23
 1, 21, 24
 1, 21, 25
 1, 21, 26
 1, 21, 27
 1, 21, 29
 1, 21, 30
 1, 21, 47
 1, 21, 51
 1, 22, 2
 1, 22, 3
 1, 22, 5
 1, 22, 6
 1, 22, 12
 1, 22, 13
 1, 22, 14
 1, 22, 15
 1, 22, 16
 1, 22, 20
 1, 22, 21
 1, 22, 23
 1, 22, 24
 1, 22, 26
 1, 22, 27
 1, 22, 29
 1, 22, 30
 1, 22, 47
 1, 22, 51
 1, 23, 2
 1, 23, 3
 1, 23, 5
 1, 23, 13
 1, 23, 14
 1, 23, 15
 1, 23, 19
 1, 23, 20
 1, 23, 21
 1, 23, 22
 1, 23, 24
 1, 23, 25
 1, 23, 27
 1, 23, 28
 1, 23, 29
 1, 23, 47
 1, 23, 51
 1, 24, 2
 1, 24, 3
 1, 24, 4
 1, 24, 5
 1, 24, 6
 1, 24, 12
 1, 24, 13
 1, 24, 14
 1, 24, 15
 1, 24, 16
 1, 24, 17
 1, 24, 20
 1, 24, 21
 1, 24, 22
 1, 24, 23
 1, 24, 27
 1, 24, 28
 1, 24, 29
 1, 24, 47
 1, 24, 51
 1, 25, 2
 1, 25, 5
 1, 25, 17
 1, 25, 19
 1, 25, 21
 1, 25, 23
 1, 25, 47
 1, 25, 51
 1, 26, 2
 1, 26, 3
 1, 26, 5
 1, 26, 13
 1, 26, 14
 1, 26, 15
 1, 26, 19
 1, 26, 21
 1, 26, 22
 1, 26, 28
 1, 26, 47
 1, 26, 51
 1, 27, 2
 1, 27, 3
 1, 27, 4
 1, 27, 6
 1, 27, 12
 1, 27, 13
 1, 27, 14
 1, 27, 15
 1, 27, 16
 1, 27, 17
 1, 27, 19
 1, 27, 20
 1, 27, 21
 1, 27, 22
 1, 27, 23
 1, 27, 24
 1, 27, 29
 1, 27, 30
 1, 27, 47
 1, 27, 51
 1, 28, 2
 1, 28, 3
 1, 28, 4
 1, 28, 5
 1, 28, 6
 1, 28, 15
 1, 28, 16
 1, 28, 17
 1, 28, 19
 1, 28, 20
 1, 28, 23
 1, 28, 24
 1, 28, 26
 1, 28, 47
 1, 28, 51
 1, 29, 2
 1, 29, 3
 1, 29, 5
 1, 29, 12
 1, 29, 13
 1, 29, 14
 1, 29, 15
 1, 29, 16
 1, 29, 19
 1, 29, 20
 1, 29, 21
 1, 29, 22
 1, 29, 23
 1, 29, 24
 1, 29, 27
 1, 29, 47
 1, 29, 51
 1, 30, 2
 1, 30, 3
 1, 30, 5
 1, 30, 13
 1, 30, 14
 1, 30, 15
 1, 30, 16
 1, 30, 19
 1, 30, 21
 1, 30, 22
 1, 30, 27
 1, 30, 47
 1, 30, 51
 1, 47, 2
 1, 47, 3
 1, 47, 4
 1, 47, 5
 1, 47, 6
 1, 47, 12
 1, 47, 13
 1, 47, 14
 1, 47, 15
 1, 47, 16
 1, 47, 17
 1, 47, 19
 1, 47, 20
 1, 47, 21
 1, 47, 22
 1, 47, 23
 1, 47, 24
 1, 47, 25
 1, 47, 26
 1, 47, 27
 1, 47, 28
 1, 47, 29
 1, 47, 30
 1, 47, 51
 1, 51, 2
 1, 51, 3
 1, 51, 4
 1, 51, 5
 1, 51, 6
 1, 51, 12
 1, 51, 13
 1, 51, 14
 1, 51, 15
 1, 51, 16
 1, 51, 17
 1, 51, 19
 1, 51, 20
 1, 51, 21
 1, 51, 22
 1, 51, 23
 1, 51, 24
 1, 51, 25
 1, 51, 26
 1, 51, 27
 1, 51, 28
 1, 51, 29
 1, 51, 30
 1, 51, 47
 2, 19, 20
 2, 19, 21
 2, 19, 23
 2, 19, 25
 2, 19, 26
 2, 19, 27
 2, 19, 28
 2, 19, 29
 2, 19, 30
 2, 19, 32
 2, 19, 38
 2, 19, 39
 2, 19, 40
 2, 19, 41
 2, 19, 44
 2, 19, 47
 2, 19, 51
 2, 20, 19
 2, 20, 21
 2, 20, 22
 2, 20, 23
 2, 20, 24
 2, 20, 27
 2, 20, 28
 2, 20, 29
 2, 20, 38
 2, 20, 39
 2, 20, 40
 2, 20, 41
 2, 20, 44
 2, 20, 47
 2, 20, 51
 2, 21, 19
 2, 21, 20
 2, 21, 22
 2, 21, 23
 2, 21, 24
 2, 21, 25
 2, 21, 26
 2, 21, 27
 2, 21, 29
 2, 21, 30
 2, 21, 32
 2, 21, 38
 2, 21, 39
 2, 21, 40
 2, 21, 41
 2, 21, 44
 2, 21, 47
 2, 21, 51
 2, 22, 20
 2, 22, 21
 2, 22, 23
 2, 22, 24
 2, 22, 26
 2, 22, 27
 2, 22, 29
 2, 22, 30
 2, 22, 32
 2, 22, 38
 2, 22, 39
 2, 22, 40
 2, 22, 41
 2, 22, 44
 2, 22, 47
 2, 22, 51
 2, 23, 19
 2, 23, 20
 2, 23, 21
 2, 23, 22
 2, 23, 24
 2, 23, 25
 2, 23, 27
 2, 23, 28
 2, 23, 29
 2, 23, 32
 2, 23, 38
 2, 23, 39
 2, 23, 40
 2, 23, 41
 2, 23, 44
 2, 23, 47
 2, 23, 51
 2, 24, 20
 2, 24, 21
 2, 24, 22
 2, 24, 23
 2, 24, 27
 2, 24, 28
 2, 24, 29
 2, 24, 32
 2, 24, 38
 2, 24, 39
 2, 24, 40
 2, 24, 41
 2, 24, 44
 2, 24, 47
 2, 24, 51
 2, 25, 19
 2, 25, 21
 2, 25, 23
 2, 25, 32
 2, 25, 38
 2, 25, 40
 2, 25, 41
 2, 25, 44
 2, 25, 47
 2, 25, 51
 2, 26, 19
 2, 26, 21
 2, 26, 22
 2, 26, 28
 2, 26, 38
 2, 26, 41
 2, 26, 44
 2, 26, 47
 2, 26, 51
 2, 27, 19
 2, 27, 20
 2, 27, 21
 2, 27, 22
 2, 27, 23
 2, 27, 24
 2, 27, 29
 2, 27, 30
 2, 27, 32
 2, 27, 38
 2, 27, 39
 2, 27, 40
 2, 27, 41
 2, 27, 44
 2, 27, 47
 2, 27, 51
 2, 28, 19
 2, 28, 20
 2, 28, 23
 2, 28, 24
 2, 28, 26
 2, 28, 38
 2, 28, 40
 2, 28, 41
 2, 28, 44
 2, 28, 47
 2, 28, 51
 2, 29, 19
 2, 29, 20
 2, 29, 21
 2, 29, 22
 2, 29, 23
 2, 29, 24
 2, 29, 27
 2, 29, 32
 2, 29, 38
 2, 29, 39
 2, 29, 40
 2, 29, 41
 2, 29, 44
 2, 29, 47
 2, 29, 51
 2, 30, 19
 2, 30, 21
 2, 30, 22
 2, 30, 27
 2, 30, 32
 2, 30, 38
 2, 30, 39
 2, 30, 40
 2, 30, 41
 2, 30, 44
 2, 30, 47
 2, 30, 51
 2, 32, 19
 2, 32, 21
 2, 32, 22
 2, 32, 23
 2, 32, 24
 2, 32, 25
 2, 32, 27
 2, 32, 29
 2, 32, 30
 2, 32, 38
 2, 32, 39
 2, 32, 40
 2, 32, 41
 2, 32, 44
 2, 38, 19
 2, 38, 20
 2, 38, 21
 2, 38, 22
 2, 38, 23
 2, 38, 24
 2, 38, 25
 2, 38, 26
 2, 38, 27
 2, 38, 28
 2, 38, 29
 2, 38, 30
 2, 38, 32
 2, 38, 39
 2, 38, 41
 2, 39, 19
 2, 39, 20
 2, 39, 21
 2, 39, 22
 2, 39, 23
 2, 39, 24
 2, 39, 27
 2, 39, 29
 2, 39, 30
 2, 39, 32
 2, 39, 38
 2, 39, 41
 2, 39, 44
 2, 40, 19
 2, 40, 20
 2, 40, 21
 2, 40, 22
 2, 40, 23
 2, 40, 24
 2, 40, 25
 2, 40, 27
 2, 40, 28
 2, 40, 29
 2, 40, 30
 2, 40, 32
 2, 40, 41
 2, 41, 19
 2, 41, 20
 2, 41, 21
 2, 41, 22
 2, 41, 23
 2, 41, 24
 2, 41, 25
 2, 41, 26
 2, 41, 27
 2, 41, 28
 2, 41, 29
 2, 41, 30
 2, 41, 32
 2, 41, 38
 2, 41, 39
 2, 41, 40
 2, 41, 44
 2, 44, 19
 2, 44, 20
 2, 44, 21
 2, 44, 22
 2, 44, 23
 2, 44, 24
 2, 44, 25
 2, 44, 26
 2, 44, 27
 2, 44, 28
 2, 44, 29
 2, 44, 30
 2, 44, 32
 2, 44, 39
 2, 44, 41
 2, 47, 19
 2, 47, 20
 2, 47, 21
 2, 47, 22
 2, 47, 23
 2, 47, 24
 2, 47, 25
 2, 47, 26
 2, 47, 27
 2, 47, 28
 2, 47, 29
 2, 47, 30
 2, 47, 51
 2, 51, 19
 2, 51, 20
 2, 51, 21
 2, 51, 22
 2, 51, 23
 2, 51, 24
 2, 51, 25
 2, 51, 26
 2, 51, 27
 2, 51, 28
 2, 51, 29
 2, 51, 30
 2, 51, 47
 3, 19, 20
 3, 19, 21
 3, 19, 23
 3, 19, 26
 3, 19, 27
 3, 19, 28
 3, 19, 29
 3, 19, 30
 3, 19, 32
 3, 19, 38
 3, 19, 40
 3, 19, 41
 3, 19, 47
 3, 19, 51
 3, 20, 19
 3, 20, 21
 3, 20, 22
 3, 20, 23
 3, 20, 24
 3, 20, 27
 3, 20, 28
 3, 20, 29
 3, 20, 38
 3, 20, 40
 3, 20, 41
 3, 20, 47
 3, 20, 51
 3, 21, 19
 3, 21, 20
 3, 21, 22
 3, 21, 23
 3, 21, 24
 3, 21, 26
 3, 21, 27
 3, 21, 29
 3, 21, 30
 3, 21, 32
 3, 21, 38
 3, 21, 40
 3, 21, 41
 3, 21, 47
 3, 21, 51
 3, 22, 20
 3, 22, 21
 3, 22, 23
 3, 22, 24
 3, 22, 26
 3, 22, 27
 3, 22, 29
 3, 22, 30
 3, 22, 32
 3, 22, 38
 3, 22, 40
 3, 22, 41
 3, 22, 47
 3, 22, 51
 3, 23, 19
 3, 23, 20
 3, 23, 21
 3, 23, 22
 3, 23, 24
 3, 23, 27
 3, 23, 28
 3, 23, 29
 3, 23, 32
 3, 23, 38
 3, 23, 40
 3, 23, 41
 3, 23, 47
 3, 23, 51
 3, 24, 20
 3, 24, 21
 3, 24, 22
 3, 24, 23
 3, 24, 27
 3, 24, 28
 3, 24, 29
 3, 24, 32
 3, 24, 38
 3, 24, 40
 3, 24, 41
 3, 24, 47
 3, 24, 51
 3, 26, 19
 3, 26, 21
 3, 26, 22
 3, 26, 28
 3, 26, 38
 3, 26, 41
 3, 26, 47
 3, 26, 51
 3, 27, 19
 3, 27, 20
 3, 27, 21
 3, 27, 22
 3, 27, 23
 3, 27, 24
 3, 27, 29
 3, 27, 30
 3, 27, 32
 3, 27, 38
 3, 27, 40
 3, 27, 41
 3, 27, 47
 3, 27, 51
 3, 28, 19
 3, 28, 20
 3, 28, 23
 3, 28, 24
 3, 28, 26
 3, 28, 38
 3, 28, 40
 3, 28, 41
 3, 28, 47
 3, 28, 51
 3, 29, 19
 3, 29, 20
 3, 29, 21
 3, 29, 22
 3, 29, 23
 3, 29, 24
 3, 29, 27
 3, 29, 32
 3, 29, 38
 3, 29, 40
 3, 29, 41
 3, 29, 47
 3, 29, 51
 3, 30, 19
 3, 30, 21
 3, 30, 22
 3, 30, 27
 3, 30, 32
 3, 30, 38
 3, 30, 40
 3, 30, 41
 3, 30, 47
 3, 30, 51
 3, 32, 19
 3, 32, 21
 3, 32, 22
 3, 32, 23
 3, 32, 24
 3, 32, 27
 3, 32, 29
 3, 32, 30
 3, 32, 38
 3, 32, 40
 3, 32, 41
 3, 38, 19
 3, 38, 20
 3, 38, 21
 3, 38, 22
 3, 38, 23
 3, 38, 24
 3, 38, 26
 3, 38, 27
 3, 38, 28
 3, 38, 29
 3, 38, 30
 3, 38, 32
 3, 38, 41
 3, 40, 19
 3, 40, 20
 3, 40, 21
 3, 40, 22
 3, 40, 23
 3, 40, 24
 3, 40, 27
 3, 40, 28
 3, 40, 29
 3, 40, 30
 3, 40, 32
 3, 40, 41
 3, 41, 19
 3, 41, 20
 3, 41, 21
 3, 41, 22
 3, 41, 23
 3, 41, 24
 3, 41, 26
 3, 41, 27
 3, 41, 28
 3, 41, 29
 3, 41, 30
 3, 41, 32
 3, 41, 38
 3, 41, 40
 3, 47, 19
 3, 47, 20
 3, 47, 21
 3, 47, 22
 3, 47, 23
 3, 47, 24
 3, 47, 26
 3, 47, 27
 3, 47, 28
 3, 47, 29
 3, 47, 30
 3, 47, 51
 3, 51, 19
 3, 51, 20
 3, 51, 21
 3, 51, 22
 3, 51, 23
 3, 51, 24
 3, 51, 26
 3, 51, 27
 3, 51, 28
 3, 51, 29
 3, 51, 30
 3, 51, 47
 4, 20, 24
 4, 20, 27
 4, 20, 28
 4, 20, 40
 4, 20, 44
 4, 20, 47
 4, 20, 48
 4, 20, 51
 4, 20, 52
 4, 24, 20
 4, 24, 27
 4, 24, 28
 4, 24, 40
 4, 24, 44
 4, 24, 47
 4, 24, 48
 4, 24, 51
 4, 24, 52
 4, 27, 20
 4, 27, 24
 4, 27, 40
 4, 27, 44
 4, 27, 47
 4, 27, 48
 4, 27, 51
 4, 27, 52
 4, 28, 20
 4, 28, 24
 4, 28, 40
 4, 28, 44
 4, 28, 47
 4, 28, 48
 4, 28, 51
 4, 40, 20
 4, 40, 24
 4, 40, 27
 4, 40, 28
 4, 40, 48
 4, 40, 52
 4, 44, 20
 4, 44, 24
 4, 44, 27
 4, 44, 28
 4, 44, 48
 4, 44, 52
 4, 47, 20
 4, 47, 24
 4, 47, 27
 4, 47, 28
 4, 47, 48
 4, 47, 51
 4, 47, 52
 4, 48, 20
 4, 48, 24
 4, 48, 27
 4, 48, 28
 4, 48, 40
 4, 48, 44
 4, 48, 47
 4, 48, 51
 4, 48, 52
 4, 51, 20
 4, 51, 24
 4, 51, 27
 4, 51, 28
 4, 51, 47
 4, 51, 48
 4, 51, 52
 4, 52, 20
 4, 52, 24
 4, 52, 27
 4, 52, 40
 4, 52, 44
 4, 52, 47
 4, 52, 48
 4, 52, 51
 5, 19, 20
 5, 19, 21
 5, 19, 23
 5, 19, 25
 5, 19, 26
 5, 19, 28
 5, 19, 29
 5, 19, 30
 5, 19, 47
 5, 19, 51
 5, 20, 19
 5, 20, 21
 5, 20, 22
 5, 20, 23
 5, 20, 24
 5, 20, 28
 5, 20, 29
 5, 20, 47
 5, 20, 51
 5, 21, 19
 5, 21, 20
 5, 21, 22
 5, 21, 23
 5, 21, 24
 5, 21, 25
 5, 21, 26
 5, 21, 29
 5, 21, 30
 5, 21, 47
 5, 21, 51
 5, 22, 20
 5, 22, 21
 5, 22, 23
 5, 22, 24
 5, 22, 26
 5, 22, 29
 5, 22, 30
 5, 22, 47
 5, 22, 51
 5, 23, 19
 5, 23, 20
 5, 23, 21
 5, 23, 22
 5, 23, 24
 5, 23, 25
 5, 23, 28
 5, 23, 29
 5, 23, 47
 5, 23, 51
 5, 24, 20
 5, 24, 21
 5, 24, 22
 5, 24, 23
 5, 24, 28
 5, 24, 29
 5, 24, 47
 5, 24, 51
 5, 25, 19
 5, 25, 21
 5, 25, 23
 5, 25, 47
 5, 25, 51
 5, 26, 19
 5, 26, 21
 5, 26, 22
 5, 26, 28
 5, 26, 47
 5, 26, 51
 5, 28, 19
 5, 28, 20
 5, 28, 23
 5, 28, 24
 5, 28, 26
 5, 28, 47
 5, 28, 51
 5, 29, 19
 5, 29, 20
 5, 29, 21
 5, 29, 22
 5, 29, 23
 5, 29, 24
 5, 29, 47
 5, 29, 51
 5, 30, 19
 5, 30, 21
 5, 30, 22
 5, 30, 47
 5, 30, 51
 5, 47, 19
 5, 47, 20
 5, 47, 21
 5, 47, 22
 5, 47, 23
 5, 47, 24
 5, 47, 25
 5, 47, 26
 5, 47, 28
 5, 47, 29
 5, 47, 30
 5, 47, 51
 5, 51, 19
 5, 51, 20
 5, 51, 21
 5, 51, 22
 5, 51, 23
 5, 51, 24
 5, 51, 25
 5, 51, 26
 5, 51, 28
 5, 51, 29
 5, 51, 30
 5, 51, 47
 6, 18, 19
 6, 18, 20
 6, 18, 22
 6, 18, 24
 6, 18, 27
 6, 18, 28
 6, 18, 38
 6, 18, 47
 6, 18, 51
 6, 19, 18
 6, 19, 20
 6, 19, 27
 6, 19, 28
 6, 19, 38
 6, 19, 40
 6, 19, 47
 6, 19, 51
 6, 20, 18
 6, 20, 19
 6, 20, 22
 6, 20, 24
 6, 20, 27
 6, 20, 28
 6, 20, 38
 6, 20, 40
 6, 20, 47
 6, 20, 51
 6, 22, 18
 6, 22, 20
 6, 22, 24
 6, 22, 27
 6, 22, 38
 6, 22, 40
 6, 22, 47
 6, 22, 51
 6, 24, 18
 6, 24, 20
 6, 24, 22
 6, 24, 27
 6, 24, 28
 6, 24, 38
 6, 24, 40
 6, 24, 47
 6, 24, 51
 6, 27, 18
 6, 27, 19
 6, 27, 20
 6, 27, 22
 6, 27, 24
 6, 27, 38
 6, 27, 40
 6, 27, 47
 6, 27, 51
 6, 28, 18
 6, 28, 19
 6, 28, 20
 6, 28, 24
 6, 28, 38
 6, 28, 40
 6, 28, 47
 6, 28, 51
 6, 38, 18
 6, 38, 19
 6, 38, 20
 6, 38, 22
 6, 38, 24
 6, 38, 27
 6, 38, 28
 6, 40, 19
 6, 40, 20
 6, 40, 22
 6, 40, 24
 6, 40, 27
 6, 40, 28
 6, 47, 18
 6, 47, 19
 6, 47, 20
 6, 47, 22
 6, 47, 24
 6, 47, 27
 6, 47, 28
 6, 47, 51
 6, 51, 18
 6, 51, 19
 6, 51, 20
 6, 51, 22
 6, 51, 24
 6, 51, 27
 6, 51, 28
 6, 51, 47
 7, 18, 21
 7, 18, 23
 7, 18, 24
 7, 18, 38
 7, 18, 39
 7, 18, 41
 7, 18, 44
 7, 18, 47
 7, 18, 51
 7, 21, 18
 7, 21, 23
 7, 21, 24
 7, 21, 35
 7, 21, 38
 7, 21, 39
 7, 21, 40
 7, 21, 41
 7, 21, 44
 7, 21, 47
 7, 21, 51
 7, 23, 18
 7, 23, 21
 7, 23, 24
 7, 23, 38
 7, 23, 39
 7, 23, 40
 7, 23, 41
 7, 23, 43
 7, 23, 44
 7, 23, 47
 7, 23, 51
 7, 24, 18
 7, 24, 21
 7, 24, 23
 7, 24, 38
 7, 24, 39
 7, 24, 40
 7, 24, 41
 7, 24, 44
 7, 24, 47
 7, 24, 51
 7, 35, 21
 7, 38, 18
 7, 38, 21
 7, 38, 23
 7, 38, 24
 7, 38, 39
 7, 38, 41
 7, 38, 43
 7, 38, 46
 7, 39, 18
 7, 39, 21
 7, 39, 23
 7, 39, 24
 7, 39, 38
 7, 39, 41
 7, 39, 44
 7, 40, 21
 7, 40, 23
 7, 40, 24
 7, 40, 41
 7, 41, 18
 7, 41, 21
 7, 41, 23
 7, 41, 24
 7, 41, 38
 7, 41, 39
 7, 41, 40
 7, 41, 43
 7, 41, 44
 7, 41, 46
 7, 43, 23
 7, 43, 38
 7, 43, 41
 7, 44, 18
 7, 44, 21
 7, 44, 23
 7, 44, 24
 7, 44, 39
 7, 44, 41
 7, 46, 38
 7, 46, 41
 7, 47, 18
 7, 47, 21
 7, 47, 23
 7, 47, 24
 7, 47, 51
 7, 51, 18
 7, 51, 21
 7, 51, 23
 7, 51, 24
 7, 51, 47
 8, 20, 27
 8, 20, 28
 8, 20, 47
 8, 20, 48
 8, 20, 51
 8, 20, 52
 8, 27, 20
 8, 27, 47
 8, 27, 48
 8, 27, 51
 8, 27, 52
 8, 27, 54
 8, 28, 20
 8, 28, 47
 8, 28, 48
 8, 28, 51
 8, 28, 54
 8, 47, 20
 8, 47, 27
 8, 47, 28
 8, 47, 48
 8, 47, 51
 8, 47, 52
 8, 47, 53
 8, 47, 54
 8, 47, 55
 8, 47, 56
 8, 47, 57
 8, 48, 20
 8, 48, 27
 8, 48, 28
 8, 48, 47
 8, 48, 51
 8, 48, 52
 8, 48, 53
 8, 48, 54
 8, 48, 55
 8, 48, 56
 8, 48, 57
 8, 51, 20
 8, 51, 27
 8, 51, 28
 8, 51, 47
 8, 51, 48
 8, 51, 52
 8, 51, 53
 8, 51, 54
 8, 51, 55
 8, 51, 56
 8, 51, 57
 8, 52, 20
 8, 52, 27
 8, 52, 47
 8, 52, 48
 8, 52, 51
 8, 52, 53
 8, 52, 55
 8, 52, 56
 8, 52, 57
 8, 53, 47
 8, 53, 48
 8, 53, 51
 8, 53, 52
 8, 54, 27
 8, 54, 28
 8, 54, 47
 8, 54, 48
 8, 54, 51
 8, 54, 55
 8, 54, 56
 8, 54, 57
 8, 55, 47
 8, 55, 48
 8, 55, 51
 8, 55, 52
 8, 55, 54
 8, 56, 47
 8, 56, 48
 8, 56, 51
 8, 56, 52
 8, 56, 54
 8, 57, 47
 8, 57, 48
 8, 57, 51
 8, 57, 52
 8, 57, 54
 9, 20, 27
 9, 20, 28
 9, 20, 47
 9, 20, 48
 9, 20, 51
 9, 20, 52
 9, 27, 20
 9, 27, 47
 9, 27, 48
 9, 27, 51
 9, 27, 52
 9, 27, 54
 9, 28, 20
 9, 28, 47
 9, 28, 48
 9, 28, 51
 9, 28, 54
 9, 47, 20
 9, 47, 27
 9, 47, 28
 9, 47, 48
 9, 47, 51
 9, 47, 52
 9, 47, 53
 9, 47, 54
 9, 47, 55
 9, 47, 56
 9, 47, 57
 9, 48, 20
 9, 48, 27
 9, 48, 28
 9, 48, 47
 9, 48, 51
 9, 48, 52
 9, 48, 53
 9, 48, 54
 9, 48, 55
 9, 48, 56
 9, 48, 57
 9, 51, 20
 9, 51, 27
 9, 51, 28
 9, 51, 47
 9, 51, 48
 9, 51, 52
 9, 51, 53
 9, 51, 54
 9, 51, 55
 9, 51, 56
 9, 51, 57
 9, 52, 20
 9, 52, 27
 9, 52, 47
 9, 52, 48
 9, 52, 51
 9, 52, 53
 9, 52, 55
 9, 52, 56
 9, 52, 57
 9, 53, 47
 9, 53, 48
 9, 53, 51
 9, 53, 52
 9, 54, 27
 9, 54, 28
 9, 54, 47
 9, 54, 48
 9, 54, 51
 9, 54, 55
 9, 54, 56
 9, 54, 57
 9, 55, 47
 9, 55, 48
 9, 55, 51
 9, 55, 52
 9, 55, 54
 9, 56, 47
 9, 56, 48
 9, 56, 51
 9, 56, 52
 9, 56, 54
 9, 57, 47
 9, 57, 48
 9, 57, 51
 9, 57, 52
 9, 57, 54
 10, 20, 24
 10, 20, 27
 10, 20, 28
 10, 20, 47
 10, 20, 48
 10, 20, 51
 10, 20, 52
 10, 24, 20
 10, 24, 27
 10, 24, 28
 10, 24, 47
 10, 24, 48
 10, 24, 51
 10, 24, 52
 10, 27, 20
 10, 27, 24
 10, 27, 47
 10, 27, 48
 10, 27, 51
 10, 27, 52
 10, 27, 54
 10, 28, 20
 10, 28, 24
 10, 28, 47
 10, 28, 48
 10, 28, 51
 10, 28, 54
 10, 47, 20
 10, 47, 24
 10, 47, 27
 10, 47, 28
 10, 47, 48
 10, 47, 51
 10, 47, 52
 10, 47, 53
 10, 47, 54
 10, 47, 55
 10, 47, 57
 10, 48, 20
 10, 48, 24
 10, 48, 27
 10, 48, 28
 10, 48, 47
 10, 48, 51
 10, 48, 52
 10, 48, 53
 10, 48, 54
 10, 48, 55
 10, 48, 57
 10, 51, 20
 10, 51, 24
 10, 51, 27
 10, 51, 28
 10, 51, 47
 10, 51, 48
 10, 51, 52
 10, 51, 53
 10, 51, 54
 10, 51, 55
 10, 51, 57
 10, 52, 20
 10, 52, 24
 10, 52, 27
 10, 52, 47
 10, 52, 48
 10, 52, 51
 10, 52, 53
 10, 52, 55
 10, 52, 57
 10, 53, 47
 10, 53, 48
 10, 53, 51
 10, 53, 52
 10, 54, 27
 10, 54, 28
 10, 54, 47
 10, 54, 48
 10, 54, 51
 10, 54, 55
 10, 54, 57
 10, 55, 47
 10, 55, 48
 10, 55, 51
 10, 55, 52
 10, 55, 54
 10, 57, 47
 10, 57, 48
 10, 57, 51
 10, 57, 52
 10, 57, 54
 11, 20, 24
 11, 20, 27
 11, 20, 28
 11, 20, 47
 11, 20, 48
 11, 20, 51
 11, 24, 20
 11, 24, 27
 11, 24, 28
 11, 24, 47
 11, 24, 48
 11, 24, 51
 11, 27, 20
 11, 27, 24
 11, 27, 47
 11, 27, 48
 11, 27, 51
 11, 27, 54
 11, 28, 20
 11, 28, 24
 11, 28, 47
 11, 28, 48
 11, 28, 51
 11, 28, 54
 11, 47, 20
 11, 47, 24
 11, 47, 27
 11, 47, 28
 11, 47, 48
 11, 47, 51
 11, 47, 54
 11, 48, 20
 11, 48, 24
 11, 48, 27
 11, 48, 28
 11, 48, 47
 11, 48, 51
 11, 48, 54
 11, 51, 20
 11, 51, 24
 11, 51, 27
 11, 51, 28
 11, 51, 47
 11, 51, 48
 11, 51, 54
 11, 54, 27
 11, 54, 28
 11, 54, 47
 11, 54, 48
 11, 54, 51
 12, 19, 27
 12, 19, 29
 12, 19, 38
 12, 19, 47
 12, 19, 51
 12, 22, 24
 12, 22, 27
 12, 22, 29
 12, 22, 38
 12, 22, 47
 12, 22, 51
 12, 24, 22
 12, 24, 27
 12, 24, 29
 12, 24, 38
 12, 24, 47
 12, 24, 51
 12, 27, 19
 12, 27, 22
 12, 27, 24
 12, 27, 29
 12, 27, 38
 12, 27, 47
 12, 27, 51
 12, 29, 19
 12, 29, 22
 12, 29, 24
 12, 29, 27
 12, 29, 38
 12, 29, 47
 12, 29, 51
 12, 38, 19
 12, 38, 22
 12, 38, 24
 12, 38, 27
 12, 38, 29
 12, 47, 19
 12, 47, 22
 12, 47, 24
 12, 47, 27
 12, 47, 29
 12, 47, 51
 12, 51, 19
 12, 51, 22
 12, 51, 24
 12, 51, 27
 12, 51, 29
 12, 51, 47
 13, 19, 21
 13, 19, 23
 13, 19, 26
 13, 19, 27
 13, 19, 29
 13, 19, 30
 13, 19, 38
 13, 19, 39
 13, 19, 41
 13, 19, 44
 13, 19, 47
 13, 19, 48
 13, 19, 51
 13, 21, 19
 13, 21, 22
 13, 21, 23
 13, 21, 24
 13, 21, 26
 13, 21, 27
 13, 21, 29
 13, 21, 30
 13, 21, 35
 13, 21, 38
 13, 21, 39
 13, 21, 41
 13, 21, 44
 13, 21, 45
 13, 21, 47
 13, 21, 48
 13, 21, 51
 13, 22, 21
 13, 22, 23
 13, 22, 24
 13, 22, 26
 13, 22, 27
 13, 22, 29
 13, 22, 30
 13, 22, 38
 13, 22, 39
 13, 22, 41
 13, 22, 44
 13, 22, 47
 13, 22, 48
 13, 22, 51
 13, 23, 19
 13, 23, 21
 13, 23, 22
 13, 23, 24
 13, 23, 27
 13, 23, 29
 13, 23, 38
 13, 23, 39
 13, 23, 41
 13, 23, 43
 13, 23, 44
 13, 23, 45
 13, 23, 47
 13, 23, 48
 13, 23, 51
 13, 24, 21
 13, 24, 22
 13, 24, 23
 13, 24, 27
 13, 24, 29
 13, 24, 38
 13, 24, 39
 13, 24, 41
 13, 24, 44
 13, 24, 45
 13, 24, 47
 13, 24, 48
 13, 24, 51
 13, 26, 19
 13, 26, 21
 13, 26, 22
 13, 26, 38
 13, 26, 41
 13, 26, 44
 13, 26, 47
 13, 26, 48
 13, 26, 51
 13, 27, 19
 13, 27, 21
 13, 27, 22
 13, 27, 23
 13, 27, 24
 13, 27, 29
 13, 27, 30
 13, 27, 38
 13, 27, 39
 13, 27, 41
 13, 27, 44
 13, 27, 47
 13, 27, 48
 13, 27, 51
 13, 29, 19
 13, 29, 21
 13, 29, 22
 13, 29, 23
 13, 29, 24
 13, 29, 27
 13, 29, 38
 13, 29, 39
 13, 29, 41
 13, 29, 44
 13, 29, 45
 13, 29, 47
 13, 29, 48
 13, 29, 51
 13, 30, 19
 13, 30, 21
 13, 30, 22
 13, 30, 27
 13, 30, 38
 13, 30, 39
 13, 30, 41
 13, 30, 44
 13, 30, 45
 13, 30, 47
 13, 30, 48
 13, 30, 51
 13, 35, 21
 13, 36, 48
 13, 38, 19
 13, 38, 21
 13, 38, 22
 13, 38, 23
 13, 38, 24
 13, 38, 26
 13, 38, 27
 13, 38, 29
 13, 38, 30
 13, 38, 39
 13, 38, 41
 13, 38, 42
 13, 38, 43
 13, 38, 48
 13, 39, 19
 13, 39, 21
 13, 39, 22
 13, 39, 23
 13, 39, 24
 13, 39, 27
 13, 39, 29
 13, 39, 30
 13, 39, 38
 13, 39, 41
 13, 39, 44
 13, 39, 48
 13, 41, 19
 13, 41, 21
 13, 41, 22
 13, 41, 23
 13, 41, 24
 13, 41, 26
 13, 41, 27
 13, 41, 29
 13, 41, 30
 13, 41, 38
 13, 41, 39
 13, 41, 42
 13, 41, 43
 13, 41, 44
 13, 41, 45
 13, 41, 48
 13, 42, 38
 13, 42, 41
 13, 43, 23
 13, 43, 38
 13, 43, 41
 13, 44, 19
 13, 44, 21
 13, 44, 22
 13, 44, 23
 13, 44, 24
 13, 44, 26
 13, 44, 27
 13, 44, 29
 13, 44, 30
 13, 44, 39
 13, 44, 41
 13, 44, 48
 13, 45, 21
 13, 45, 23
 13, 45, 24
 13, 45, 29
 13, 45, 30
 13, 45, 41
 13, 47, 19
 13, 47, 21
 13, 47, 22
 13, 47, 23
 13, 47, 24
 13, 47, 26
 13, 47, 27
 13, 47, 29
 13, 47, 30
 13, 47, 48
 13, 47, 51
 13, 48, 19
 13, 48, 21
 13, 48, 22
 13, 48, 23
 13, 48, 24
 13, 48, 26
 13, 48, 27
 13, 48, 29
 13, 48, 30
 13, 48, 36
 13, 48, 38
 13, 48, 39
 13, 48, 41
 13, 48, 44
 13, 48, 47
 13, 48, 51
 13, 51, 19
 13, 51, 21
 13, 51, 22
 13, 51, 23
 13, 51, 24
 13, 51, 26
 13, 51, 27
 13, 51, 29
 13, 51, 30
 13, 51, 47
 13, 51, 48
 14, 19, 21
 14, 19, 23
 14, 19, 26
 14, 19, 27
 14, 19, 29
 14, 19, 30
 14, 19, 38
 14, 19, 39
 14, 19, 41
 14, 19, 44
 14, 19, 47
 14, 19, 48
 14, 19, 51
 14, 21, 19
 14, 21, 22
 14, 21, 23
 14, 21, 24
 14, 21, 26
 14, 21, 27
 14, 21, 29
 14, 21, 30
 14, 21, 35
 14, 21, 38
 14, 21, 39
 14, 21, 41
 14, 21, 44
 14, 21, 45
 14, 21, 47
 14, 21, 48
 14, 21, 51
 14, 22, 21
 14, 22, 23
 14, 22, 24
 14, 22, 26
 14, 22, 27
 14, 22, 29
 14, 22, 30
 14, 22, 38
 14, 22, 39
 14, 22, 41
 14, 22, 44
 14, 22, 47
 14, 22, 48
 14, 22, 51
 14, 23, 19
 14, 23, 21
 14, 23, 22
 14, 23, 24
 14, 23, 27
 14, 23, 29
 14, 23, 38
 14, 23, 39
 14, 23, 41
 14, 23, 43
 14, 23, 44
 14, 23, 45
 14, 23, 47
 14, 23, 48
 14, 23, 51
 14, 24, 21
 14, 24, 22
 14, 24, 23
 14, 24, 27
 14, 24, 29
 14, 24, 38
 14, 24, 39
 14, 24, 41
 14, 24, 44
 14, 24, 45
 14, 24, 47
 14, 24, 48
 14, 24, 51
 14, 26, 19
 14, 26, 21
 14, 26, 22
 14, 26, 38
 14, 26, 41
 14, 26, 44
 14, 26, 47
 14, 26, 48
 14, 26, 51
 14, 27, 19
 14, 27, 21
 14, 27, 22
 14, 27, 23
 14, 27, 24
 14, 27, 29
 14, 27, 30
 14, 27, 38
 14, 27, 39
 14, 27, 41
 14, 27, 44
 14, 27, 47
 14, 27, 48
 14, 27, 51
 14, 29, 19
 14, 29, 21
 14, 29, 22
 14, 29, 23
 14, 29, 24
 14, 29, 27
 14, 29, 38
 14, 29, 39
 14, 29, 41
 14, 29, 44
 14, 29, 45
 14, 29, 47
 14, 29, 48
 14, 29, 51
 14, 30, 19
 14, 30, 21
 14, 30, 22
 14, 30, 27
 14, 30, 38
 14, 30, 39
 14, 30, 41
 14, 30, 44
 14, 30, 45
 14, 30, 47
 14, 30, 48
 14, 30, 51
 14, 35, 21
 14, 36, 48
 14, 38, 19
 14, 38, 21
 14, 38, 22
 14, 38, 23
 14, 38, 24
 14, 38, 26
 14, 38, 27
 14, 38, 29
 14, 38, 30
 14, 38, 39
 14, 38, 41
 14, 38, 42
 14, 38, 43
 14, 38, 48
 14, 39, 19
 14, 39, 21
 14, 39, 22
 14, 39, 23
 14, 39, 24
 14, 39, 27
 14, 39, 29
 14, 39, 30
 14, 39, 38
 14, 39, 41
 14, 39, 44
 14, 39, 48
 14, 41, 19
 14, 41, 21
 14, 41, 22
 14, 41, 23
 14, 41, 24
 14, 41, 26
 14, 41, 27
 14, 41, 29
 14, 41, 30
 14, 41, 38
 14, 41, 39
 14, 41, 42
 14, 41, 43
 14, 41, 44
 14, 41, 45
 14, 41, 48
 14, 42, 38
 14, 42, 41
 14, 43, 23
 14, 43, 38
 14, 43, 41
 14, 44, 19
 14, 44, 21
 14, 44, 22
 14, 44, 23
 14, 44, 24
 14, 44, 26
 14, 44, 27
 14, 44, 29
 14, 44, 30
 14, 44, 39
 14, 44, 41
 14, 44, 48
 14, 45, 21
 14, 45, 23
 14, 45, 24
 14, 45, 29
 14, 45, 30
 14, 45, 41
 14, 47, 19
 14, 47, 21
 14, 47, 22
 14, 47, 23
 14, 47, 24
 14, 47, 26
 14, 47, 27
 14, 47, 29
 14, 47, 30
 14, 47, 48
 14, 47, 51
 14, 48, 19
 14, 48, 21
 14, 48, 22
 14, 48, 23
 14, 48, 24
 14, 48, 26
 14, 48, 27
 14, 48, 29
 14, 48, 30
 14, 48, 36
 14, 48, 38
 14, 48, 39
 14, 48, 41
 14, 48, 44
 14, 48, 47
 14, 48, 51
 14, 51, 19
 14, 51, 21
 14, 51, 22
 14, 51, 23
 14, 51, 24
 14, 51, 26
 14, 51, 27
 14, 51, 29
 14, 51, 30
 14, 51, 47
 14, 51, 48
 15, 19, 20
 15, 19, 23
 15, 19, 26
 15, 19, 27
 15, 19, 28
 15, 19, 29
 15, 19, 30
 15, 19, 38
 15, 19, 47
 15, 19, 51
 15, 20, 19
 15, 20, 22
 15, 20, 23
 15, 20, 24
 15, 20, 27
 15, 20, 28
 15, 20, 29
 15, 20, 38
 15, 20, 47
 15, 20, 51
 15, 22, 20
 15, 22, 23
 15, 22, 24
 15, 22, 26
 15, 22, 27
 15, 22, 29
 15, 22, 30
 15, 22, 38
 15, 22, 47
 15, 22, 51
 15, 23, 19
 15, 23, 20
 15, 23, 22
 15, 23, 24
 15, 23, 27
 15, 23, 28
 15, 23, 29
 15, 23, 38
 15, 23, 47
 15, 23, 51
 15, 24, 20
 15, 24, 22
 15, 24, 23
 15, 24, 27
 15, 24, 28
 15, 24, 29
 15, 24, 38
 15, 24, 47
 15, 24, 51
 15, 26, 19
 15, 26, 22
 15, 26, 28
 15, 26, 38
 15, 26, 47
 15, 26, 51
 15, 27, 19
 15, 27, 20
 15, 27, 22
 15, 27, 23
 15, 27, 24
 15, 27, 29
 15, 27, 30
 15, 27, 38
 15, 27, 47
 15, 27, 51
 15, 28, 19
 15, 28, 20
 15, 28, 23
 15, 28, 24
 15, 28, 26
 15, 28, 38
 15, 28, 47
 15, 28, 51
 15, 29, 19
 15, 29, 20
 15, 29, 22
 15, 29, 23
 15, 29, 24
 15, 29, 27
 15, 29, 38
 15, 29, 47
 15, 29, 51
 15, 30, 19
 15, 30, 22
 15, 30, 27
 15, 30, 38
 15, 30, 47
 15, 30, 51
 15, 38, 19
 15, 38, 20
 15, 38, 22
 15, 38, 23
 15, 38, 24
 15, 38, 26
 15, 38, 27
 15, 38, 28
 15, 38, 29
 15, 38, 30
 15, 47, 19
 15, 47, 20
 15, 47, 22
 15, 47, 23
 15, 47, 24
 15, 47, 26
 15, 47, 27
 15, 47, 28
 15, 47, 29
 15, 47, 30
 15, 47, 51
 15, 51, 19
 15, 51, 20
 15, 51, 22
 15, 51, 23
 15, 51, 24
 15, 51, 26
 15, 51, 27
 15, 51, 28
 15, 51, 29
 15, 51, 30
 15, 51, 47
 16, 17, 20
 16, 17, 24
 16, 17, 27
 16, 17, 28
 16, 17, 38
 16, 17, 40
 16, 17, 47
 16, 17, 51
 16, 19, 20
 16, 19, 27
 16, 19, 28
 16, 19, 29
 16, 19, 30
 16, 19, 38
 16, 19, 39
 16, 19, 40
 16, 19, 44
 16, 19, 47
 16, 19, 51
 16, 20, 17
 16, 20, 19
 16, 20, 22
 16, 20, 24
 16, 20, 27
 16, 20, 28
 16, 20, 29
 16, 20, 38
 16, 20, 39
 16, 20, 40
 16, 20, 44
 16, 20, 47
 16, 20, 51
 16, 22, 20
 16, 22, 24
 16, 22, 27
 16, 22, 29
 16, 22, 30
 16, 22, 38
 16, 22, 39
 16, 22, 40
 16, 22, 44
 16, 22, 47
 16, 22, 51
 16, 22, 54
 16, 24, 17
 16, 24, 20
 16, 24, 22
 16, 24, 27
 16, 24, 28
 16, 24, 29
 16, 24, 38
 16, 24, 39
 16, 24, 40
 16, 24, 44
 16, 24, 47
 16, 24, 51
 16, 27, 17
 16, 27, 19
 16, 27, 20
 16, 27, 22
 16, 27, 24
 16, 27, 29
 16, 27, 30
 16, 27, 38
 16, 27, 39
 16, 27, 40
 16, 27, 44
 16, 27, 47
 16, 27, 51
 16, 27, 54
 16, 28, 17
 16, 28, 19
 16, 28, 20
 16, 28, 24
 16, 28, 38
 16, 28, 40
 16, 28, 44
 16, 28, 47
 16, 28, 51
 16, 28, 54
 16, 29, 19
 16, 29, 20
 16, 29, 22
 16, 29, 24
 16, 29, 27
 16, 29, 38
 16, 29, 39
 16, 29, 40
 16, 29, 44
 16, 29, 47
 16, 29, 51
 16, 29, 54
 16, 30, 19
 16, 30, 22
 16, 30, 27
 16, 30, 38
 16, 30, 39
 16, 30, 40
 16, 30, 44
 16, 30, 47
 16, 30, 51
 16, 30, 54
 16, 38, 17
 16, 38, 19
 16, 38, 20
 16, 38, 22
 16, 38, 24
 16, 38, 27
 16, 38, 28
 16, 38, 29
 16, 38, 30
 16, 38, 39
 16, 38, 54
 16, 39, 19
 16, 39, 20
 16, 39, 22
 16, 39, 24
 16, 39, 27
 16, 39, 29
 16, 39, 30
 16, 39, 38
 16, 39, 44
 16, 39, 54
 16, 40, 17
 16, 40, 19
 16, 40, 20
 16, 40, 22
 16, 40, 24
 16, 40, 27
 16, 40, 28
 16, 40, 29
 16, 40, 30
 16, 40, 54
 16, 44, 19
 16, 44, 20
 16, 44, 22
 16, 44, 24
 16, 44, 27
 16, 44, 28
 16, 44, 29
 16, 44, 30
 16, 44, 39
 16, 44, 54
 16, 47, 17
 16, 47, 19
 16, 47, 20
 16, 47, 22
 16, 47, 24
 16, 47, 27
 16, 47, 28
 16, 47, 29
 16, 47, 30
 16, 47, 51
 16, 47, 54
 16, 51, 17
 16, 51, 19
 16, 51, 20
 16, 51, 22
 16, 51, 24
 16, 51, 27
 16, 51, 28
 16, 51, 29
 16, 51, 30
 16, 51, 47
 16, 51, 54
 16, 54, 22
 16, 54, 27
 16, 54, 28
 16, 54, 29
 16, 54, 30
 16, 54, 38
 16, 54, 39
 16, 54, 40
 16, 54, 44
 16, 54, 47
 16, 54, 51
 17, 20, 24
 17, 20, 27
 17, 20, 28
 17, 20, 38
 17, 20, 40
 17, 20, 47
 17, 20, 48
 17, 20, 51
 17, 24, 20
 17, 24, 27
 17, 24, 28
 17, 24, 38
 17, 24, 40
 17, 24, 47
 17, 24, 48
 17, 24, 51
 17, 25, 38
 17, 25, 40
 17, 25, 47
 17, 25, 51
 17, 27, 20
 17, 27, 24
 17, 27, 38
 17, 27, 40
 17, 27, 47
 17, 27, 48
 17, 27, 51
 17, 28, 20
 17, 28, 24
 17, 28, 38
 17, 28, 40
 17, 28, 47
 17, 28, 48
 17, 28, 51
 17, 38, 20
 17, 38, 24
 17, 38, 25
 17, 38, 27
 17, 38, 28
 17, 38, 48
 17, 40, 20
 17, 40, 24
 17, 40, 25
 17, 40, 27
 17, 40, 28
 17, 40, 48
 17, 47, 20
 17, 47, 24
 17, 47, 25
 17, 47, 27
 17, 47, 28
 17, 47, 48
 17, 47, 51
 17, 48, 20
 17, 48, 24
 17, 48, 27
 17, 48, 28
 17, 48, 38
 17, 48, 40
 17, 48, 47
 17, 48, 51
 17, 51, 20
 17, 51, 24
 17, 51, 25
 17, 51, 27
 17, 51, 28
 17, 51, 47
 17, 51, 48
 18, 19, 20
 18, 19, 21
 18, 19, 23
 18, 19, 26
 18, 19, 27
 18, 19, 28
 18, 19, 29
 18, 19, 30
 18, 19, 32
 18, 19, 38
 18, 19, 39
 18, 19, 41
 18, 19, 44
 18, 19, 47
 18, 19, 51
 18, 20, 19
 18, 20, 21
 18, 20, 22
 18, 20, 23
 18, 20, 24
 18, 20, 27
 18, 20, 28
 18, 20, 29
 18, 20, 38
 18, 20, 39
 18, 20, 41
 18, 20, 44
 18, 20, 47
 18, 20, 51
 18, 21, 19
 18, 21, 20
 18, 21, 22
 18, 21, 23
 18, 21, 24
 18, 21, 26
 18, 21, 27
 18, 21, 29
 18, 21, 30
 18, 21, 32
 18, 21, 38
 18, 21, 39
 18, 21, 41
 18, 21, 44
 18, 21, 47
 18, 21, 51
 18, 22, 20
 18, 22, 21
 18, 22, 23
 18, 22, 24
 18, 22, 26
 18, 22, 27
 18, 22, 29
 18, 22, 30
 18, 22, 32
 18, 22, 38
 18, 22, 39
 18, 22, 41
 18, 22, 44
 18, 22, 47
 18, 22, 51
 18, 23, 19
 18, 23, 20
 18, 23, 21
 18, 23, 22
 18, 23, 24
 18, 23, 27
 18, 23, 28
 18, 23, 29
 18, 23, 32
 18, 23, 38
 18, 23, 39
 18, 23, 41
 18, 23, 44
 18, 23, 47
 18, 23, 51
 18, 24, 20
 18, 24, 21
 18, 24, 22
 18, 24, 23
 18, 24, 27
 18, 24, 28
 18, 24, 29
 18, 24, 32
 18, 24, 38
 18, 24, 39
 18, 24, 41
 18, 24, 44
 18, 24, 47
 18, 24, 51
 18, 26, 19
 18, 26, 21
 18, 26, 22
 18, 26, 28
 18, 26, 38
 18, 26, 41
 18, 26, 44
 18, 26, 47
 18, 26, 51
 18, 27, 19
 18, 27, 20
 18, 27, 21
 18, 27, 22
 18, 27, 23
 18, 27, 24
 18, 27, 29
 18, 27, 30
 18, 27, 32
 18, 27, 38
 18, 27, 39
 18, 27, 41
 18, 27, 44
 18, 27, 47
 18, 27, 51
 18, 28, 19
 18, 28, 20
 18, 28, 23
 18, 28, 24
 18, 28, 26
 18, 28, 38
 18, 28, 41
 18, 28, 44
 18, 28, 47
 18, 28, 51
 18, 29, 19
 18, 29, 20
 18, 29, 21
 18, 29, 22
 18, 29, 23
 18, 29, 24
 18, 29, 27
 18, 29, 32
 18, 29, 38
 18, 29, 39
 18, 29, 41
 18, 29, 44
 18, 29, 47
 18, 29, 51
 18, 30, 19
 18, 30, 21
 18, 30, 22
 18, 30, 27
 18, 30, 32
 18, 30, 38
 18, 30, 39
 18, 30, 41
 18, 30, 44
 18, 30, 47
 18, 30, 51
 18, 32, 19
 18, 32, 21
 18, 32, 22
 18, 32, 23
 18, 32, 24
 18, 32, 27
 18, 32, 29
 18, 32, 30
 18, 32, 38
 18, 32, 39
 18, 32, 41
 18, 32, 44
 18, 38, 19
 18, 38, 20
 18, 38, 21
 18, 38, 22
 18, 38, 23
 18, 38, 24
 18, 38, 26
 18, 38, 27
 18, 38, 28
 18, 38, 29
 18, 38, 30
 18, 38, 32
 18, 38, 39
 18, 38, 41
 18, 39, 19
 18, 39, 20
 18, 39, 21
 18, 39, 22
 18, 39, 23
 18, 39, 24
 18, 39, 27
 18, 39, 29
 18, 39, 30
 18, 39, 32
 18, 39, 38
 18, 39, 41
 18, 39, 44
 18, 41, 19
 18, 41, 20
 18, 41, 21
 18, 41, 22
 18, 41, 23
 18, 41, 24
 18, 41, 26
 18, 41, 27
 18, 41, 28
 18, 41, 29
 18, 41, 30
 18, 41, 32
 18, 41, 38
 18, 41, 39
 18, 41, 44
 18, 44, 19
 18, 44, 20
 18, 44, 21
 18, 44, 22
 18, 44, 23
 18, 44, 24
 18, 44, 26
 18, 44, 27
 18, 44, 28
 18, 44, 29
 18, 44, 30
 18, 44, 32
 18, 44, 39
 18, 44, 41
 18, 47, 19
 18, 47, 20
 18, 47, 21
 18, 47, 22
 18, 47, 23
 18, 47, 24
 18, 47, 26
 18, 47, 27
 18, 47, 28
 18, 47, 29
 18, 47, 30
 18, 47, 51
 18, 51, 19
 18, 51, 20
 18, 51, 21
 18, 51, 22
 18, 51, 23
 18, 51, 24
 18, 51, 26
 18, 51, 27
 18, 51, 28
 18, 51, 29
 18, 51, 30
 18, 51, 47
 19, 20, 21
 19, 20, 23
 19, 20, 27
 19, 20, 28
 19, 20, 29
 19, 20, 38
 19, 20, 39
 19, 20, 40
 19, 20, 41
 19, 20, 44
 19, 20, 47
 19, 20, 48
 19, 20, 51
 19, 21, 20
 19, 21, 23
 19, 21, 25
 19, 21, 26
 19, 21, 27
 19, 21, 29
 19, 21, 30
 19, 21, 32
 19, 21, 38
 19, 21, 39
 19, 21, 40
 19, 21, 41
 19, 21, 44
 19, 21, 47
 19, 21, 48
 19, 21, 49
 19, 21, 50
 19, 21, 51
 19, 21, 57
 19, 23, 20
 19, 23, 21
 19, 23, 25
 19, 23, 27
 19, 23, 28
 19, 23, 29
 19, 23, 32
 19, 23, 38
 19, 23, 39
 19, 23, 40
 19, 23, 41
 19, 23, 44
 19, 23, 47
 19, 23, 48
 19, 23, 49
 19, 23, 50
 19, 23, 51
 19, 25, 21
 19, 25, 23
 19, 25, 32
 19, 25, 38
 19, 25, 40
 19, 25, 41
 19, 25, 44
 19, 25, 47
 19, 25, 51
 19, 26, 21
 19, 26, 28
 19, 26, 38
 19, 26, 41
 19, 26, 44
 19, 26, 47
 19, 26, 48
 19, 26, 51
 19, 27, 20
 19, 27, 21
 19, 27, 23
 19, 27, 29
 19, 27, 30
 19, 27, 32
 19, 27, 38
 19, 27, 39
 19, 27, 40
 19, 27, 41
 19, 27, 44
 19, 27, 47
 19, 27, 48
 19, 27, 51
 19, 28, 20
 19, 28, 23
 19, 28, 26
 19, 28, 38
 19, 28, 40
 19, 28, 41
 19, 28, 44
 19, 28, 47
 19, 28, 48
 19, 28, 51
 19, 29, 20
 19, 29, 21
 19, 29, 23
 19, 29, 27
 19, 29, 32
 19, 29, 38
 19, 29, 39
 19, 29, 40
 19, 29, 41
 19, 29, 44
 19, 29, 47
 19, 29, 48
 19, 29, 49
 19, 29, 51
 19, 30, 21
 19, 30, 27
 19, 30, 32
 19, 30, 38
 19, 30, 39
 19, 30, 40
 19, 30, 41
 19, 30, 44
 19, 30, 47
 19, 30, 48
 19, 30, 49
 19, 30, 51
 19, 30, 56
 19, 30, 57
 19, 32, 21
 19, 32, 23
 19, 32, 25
 19, 32, 27
 19, 32, 29
 19, 32, 30
 19, 32, 38
 19, 32, 39
 19, 32, 40
 19, 32, 41
 19, 32, 44
 19, 32, 48
 19, 32, 49
 19, 32, 50
 19, 38, 20
 19, 38, 21
 19, 38, 23
 19, 38, 25
 19, 38, 26
 19, 38, 27
 19, 38, 28
 19, 38, 29
 19, 38, 30
 19, 38, 32
 19, 38, 39
 19, 38, 41
 19, 38, 48
 19, 38, 56
 19, 38, 57
 19, 39, 20
 19, 39, 21
 19, 39, 23
 19, 39, 27
 19, 39, 29
 19, 39, 30
 19, 39, 32
 19, 39, 38
 19, 39, 41
 19, 39, 44
 19, 39, 48
 19, 39, 56
 19, 39, 57
 19, 40, 20
 19, 40, 21
 19, 40, 23
 19, 40, 25
 19, 40, 27
 19, 40, 28
 19, 40, 29
 19, 40, 30
 19, 40, 32
 19, 40, 41
 19, 40, 48
 19, 40, 56
 19, 40, 57
 19, 41, 20
 19, 41, 21
 19, 41, 23
 19, 41, 25
 19, 41, 26
 19, 41, 27
 19, 41, 28
 19, 41, 29
 19, 41, 30
 19, 41, 32
 19, 41, 38
 19, 41, 39
 19, 41, 40
 19, 41, 44
 19, 41, 48
 19, 44, 20
 19, 44, 21
 19, 44, 23
 19, 44, 25
 19, 44, 26
 19, 44, 27
 19, 44, 28
 19, 44, 29
 19, 44, 30
 19, 44, 32
 19, 44, 39
 19, 44, 41
 19, 44, 48
 19, 44, 56
 19, 44, 57
 19, 47, 20
 19, 47, 21
 19, 47, 23
 19, 47, 25
 19, 47, 26
 19, 47, 27
 19, 47, 28
 19, 47, 29
 19, 47, 30
 19, 47, 48
 19, 47, 49
 19, 47, 50
 19, 47, 51
 19, 47, 56
 19, 47, 57
 19, 48, 20
 19, 48, 21
 19, 48, 23
 19, 48, 26
 19, 48, 27
 19, 48, 28
 19, 48, 29
 19, 48, 30
 19, 48, 32
 19, 48, 38
 19, 48, 39
 19, 48, 40
 19, 48, 41
 19, 48, 44
 19, 48, 47
 19, 48, 51
 19, 48, 56
 19, 48, 57
 19, 49, 21
 19, 49, 23
 19, 49, 29
 19, 49, 30
 19, 49, 32
 19, 49, 47
 19, 49, 56
 19, 49, 57
 19, 50, 21
 19, 50, 23
 19, 50, 32
 19, 50, 47
 19, 50, 56
 19, 50, 57
 19, 51, 20
 19, 51, 21
 19, 51, 23
 19, 51, 25
 19, 51, 26
 19, 51, 27
 19, 51, 28
 19, 51, 29
 19, 51, 30
 19, 51, 47
 19, 51, 48
 19, 51, 56
 19, 51, 57
 19, 56, 30
 19, 56, 38
 19, 56, 39
 19, 56, 40
 19, 56, 44
 19, 56, 47
 19, 56, 48
 19, 56, 49
 19, 56, 50
 19, 56, 51
 19, 57, 21
 19, 57, 30
 19, 57, 38
 19, 57, 39
 19, 57, 40
 19, 57, 44
 19, 57, 47
 19, 57, 48
 19, 57, 49
 19, 57, 50
 19, 57, 51
 20, 21, 22
 20, 21, 23
 20, 21, 24
 20, 21, 27
 20, 21, 29
 20, 21, 38
 20, 21, 39
 20, 21, 40
 20, 21, 41
 20, 21, 44
 20, 21, 47
 20, 21, 48
 20, 21, 51
 20, 21, 52
 20, 22, 21
 20, 22, 23
 20, 22, 24
 20, 22, 27
 20, 22, 29
 20, 22, 38
 20, 22, 39
 20, 22, 40
 20, 22, 41
 20, 22, 44
 20, 22, 47
 20, 22, 48
 20, 22, 51
 20, 22, 52
 20, 23, 21
 20, 23, 22
 20, 23, 24
 20, 23, 27
 20, 23, 28
 20, 23, 29
 20, 23, 38
 20, 23, 39
 20, 23, 40
 20, 23, 41
 20, 23, 43
 20, 23, 44
 20, 23, 47
 20, 23, 48
 20, 23, 51
 20, 23, 52
 20, 24, 21
 20, 24, 22
 20, 24, 23
 20, 24, 27
 20, 24, 28
 20, 24, 29
 20, 24, 38
 20, 24, 39
 20, 24, 40
 20, 24, 41
 20, 24, 44
 20, 24, 47
 20, 24, 48
 20, 24, 51
 20, 24, 52
 20, 27, 21
 20, 27, 22
 20, 27, 23
 20, 27, 24
 20, 27, 29
 20, 27, 38
 20, 27, 39
 20, 27, 40
 20, 27, 41
 20, 27, 44
 20, 27, 47
 20, 27, 48
 20, 27, 51
 20, 27, 52
 20, 28, 23
 20, 28, 24
 20, 28, 38
 20, 28, 40
 20, 28, 41
 20, 28, 44
 20, 28, 47
 20, 28, 48
 20, 28, 51
 20, 29, 21
 20, 29, 22
 20, 29, 23
 20, 29, 24
 20, 29, 27
 20, 29, 38
 20, 29, 39
 20, 29, 40
 20, 29, 41
 20, 29, 44
 20, 29, 47
 20, 29, 48
 20, 29, 51
 20, 29, 52
 20, 36, 48
 20, 36, 52
 20, 38, 21
 20, 38, 22
 20, 38, 23
 20, 38, 24
 20, 38, 27
 20, 38, 28
 20, 38, 29
 20, 38, 39
 20, 38, 41
 20, 38, 43
 20, 38, 48
 20, 39, 21
 20, 39, 22
 20, 39, 23
 20, 39, 24
 20, 39, 27
 20, 39, 29
 20, 39, 38
 20, 39, 41
 20, 39, 44
 20, 39, 48
 20, 39, 52
 20, 40, 21
 20, 40, 22
 20, 40, 23
 20, 40, 24
 20, 40, 27
 20, 40, 28
 20, 40, 29
 20, 40, 41
 20, 40, 48
 20, 40, 52
 20, 41, 21
 20, 41, 22
 20, 41, 23
 20, 41, 24
 20, 41, 27
 20, 41, 28
 20, 41, 29
 20, 41, 38
 20, 41, 39
 20, 41, 40
 20, 41, 43
 20, 41, 44
 20, 41, 48
 20, 41, 52
 20, 43, 23
 20, 43, 38
 20, 43, 41
 20, 43, 52
 20, 44, 21
 20, 44, 22
 20, 44, 23
 20, 44, 24
 20, 44, 27
 20, 44, 28
 20, 44, 29
 20, 44, 39
 20, 44, 41
 20, 44, 48
 20, 44, 52
 20, 47, 21
 20, 47, 22
 20, 47, 23
 20, 47, 24
 20, 47, 27
 20, 47, 28
 20, 47, 29
 20, 47, 48
 20, 47, 51
 20, 47, 52
 20, 48, 21
 20, 48, 22
 20, 48, 23
 20, 48, 24
 20, 48, 27
 20, 48, 28
 20, 48, 29
 20, 48, 36
 20, 48, 38
 20, 48, 39
 20, 48, 40
 20, 48, 41
 20, 48, 44
 20, 48, 47
 20, 48, 51
 20, 48, 52
 20, 51, 21
 20, 51, 22
 20, 51, 23
 20, 51, 24
 20, 51, 27
 20, 51, 28
 20, 51, 29
 20, 51, 47
 20, 51, 48
 20, 51, 52
 20, 52, 21
 20, 52, 22
 20, 52, 23
 20, 52, 24
 20, 52, 27
 20, 52, 29
 20, 52, 36
 20, 52, 39
 20, 52, 40
 20, 52, 41
 20, 52, 43
 20, 52, 44
 20, 52, 47
 20, 52, 48
 20, 52, 51
 21, 22, 23
 21, 22, 24
 21, 22, 26
 21, 22, 27
 21, 22, 29
 21, 22, 30
 21, 22, 32
 21, 22, 38
 21, 22, 39
 21, 22, 40
 21, 22, 41
 21, 22, 44
 21, 22, 47
 21, 22, 48
 21, 22, 51
 21, 22, 52
 21, 23, 22
 21, 23, 24
 21, 23, 25
 21, 23, 27
 21, 23, 29
 21, 23, 32
 21, 23, 38
 21, 23, 39
 21, 23, 40
 21, 23, 41
 21, 23, 44
 21, 23, 45
 21, 23, 47
 21, 23, 48
 21, 23, 49
 21, 23, 50
 21, 23, 51
 21, 23, 52
 21, 24, 22
 21, 24, 23
 21, 24, 27
 21, 24, 29
 21, 24, 32
 21, 24, 38
 21, 24, 39
 21, 24, 40
 21, 24, 41
 21, 24, 44
 21, 24, 45
 21, 24, 47
 21, 24, 48
 21, 24, 51
 21, 24, 52
 21, 25, 23
 21, 25, 32
 21, 25, 38
 21, 25, 40
 21, 25, 41
 21, 25, 44
 21, 25, 47
 21, 25, 51
 21, 26, 22
 21, 26, 38
 21, 26, 41
 21, 26, 44
 21, 26, 47
 21, 26, 48
 21, 26, 51
 21, 26, 52
 21, 27, 22
 21, 27, 23
 21, 27, 24
 21, 27, 29
 21, 27, 30
 21, 27, 32
 21, 27, 38
 21, 27, 39
 21, 27, 40
 21, 27, 41
 21, 27, 44
 21, 27, 47
 21, 27, 48
 21, 27, 51
 21, 27, 52
 21, 29, 22
 21, 29, 23
 21, 29, 24
 21, 29, 27
 21, 29, 32
 21, 29, 38
 21, 29, 39
 21, 29, 40
 21, 29, 41
 21, 29, 44
 21, 29, 45
 21, 29, 47
 21, 29, 48
 21, 29, 49
 21, 29, 51
 21, 29, 52
 21, 30, 22
 21, 30, 27
 21, 30, 32
 21, 30, 38
 21, 30, 39
 21, 30, 40
 21, 30, 41
 21, 30, 44
 21, 30, 45
 21, 30, 47
 21, 30, 48
 21, 30, 49
 21, 30, 51
 21, 30, 52
 21, 30, 57
 21, 32, 22
 21, 32, 23
 21, 32, 24
 21, 32, 25
 21, 32, 27
 21, 32, 29
 21, 32, 30
 21, 32, 38
 21, 32, 39
 21, 32, 40
 21, 32, 41
 21, 32, 44
 21, 32, 45
 21, 32, 48
 21, 32, 49
 21, 32, 50
 21, 32, 52
 21, 38, 22
 21, 38, 23
 21, 38, 24
 21, 38, 25
 21, 38, 26
 21, 38, 27
 21, 38, 29
 21, 38, 30
 21, 38, 32
 21, 38, 39
 21, 38, 41
 21, 38, 48
 21, 38, 57
 21, 39, 22
 21, 39, 23
 21, 39, 24
 21, 39, 27
 21, 39, 29
 21, 39, 30
 21, 39, 32
 21, 39, 38
 21, 39, 41
 21, 39, 44
 21, 39, 48
 21, 39, 52
 21, 39, 57
 21, 40, 22
 21, 40, 23
 21, 40, 24
 21, 40, 25
 21, 40, 27
 21, 40, 29
 21, 40, 30
 21, 40, 32
 21, 40, 41
 21, 40, 48
 21, 40, 52
 21, 40, 57
 21, 41, 22
 21, 41, 23
 21, 41, 24
 21, 41, 25
 21, 41, 26
 21, 41, 27
 21, 41, 29
 21, 41, 30
 21, 41, 32
 21, 41, 38
 21, 41, 39
 21, 41, 40
 21, 41, 44
 21, 41, 45
 21, 41, 48
 21, 41, 52
 21, 44, 22
 21, 44, 23
 21, 44, 24
 21, 44, 25
 21, 44, 26
 21, 44, 27
 21, 44, 29
 21, 44, 30
 21, 44, 32
 21, 44, 39
 21, 44, 41
 21, 44, 48
 21, 44, 52
 21, 44, 57
 21, 45, 23
 21, 45, 24
 21, 45, 29
 21, 45, 30
 21, 45, 32
 21, 45, 41
 21, 45, 52
 21, 45, 57
 21, 47, 22
 21, 47, 23
 21, 47, 24
 21, 47, 25
 21, 47, 26
 21, 47, 27
 21, 47, 29
 21, 47, 30
 21, 47, 48
 21, 47, 49
 21, 47, 50
 21, 47, 51
 21, 47, 52
 21, 47, 57
 21, 48, 22
 21, 48, 23
 21, 48, 24
 21, 48, 26
 21, 48, 27
 21, 48, 29
 21, 48, 30
 21, 48, 32
 21, 48, 38
 21, 48, 39
 21, 48, 40
 21, 48, 41
 21, 48, 44
 21, 48, 47
 21, 48, 51
 21, 48, 52
 21, 48, 57
 21, 49, 23
 21, 49, 29
 21, 49, 30
 21, 49, 32
 21, 49, 47
 21, 49, 57
 21, 50, 23
 21, 50, 32
 21, 50, 47
 21, 50, 57
 21, 51, 22
 21, 51, 23
 21, 51, 24
 21, 51, 25
 21, 51, 26
 21, 51, 27
 21, 51, 29
 21, 51, 30
 21, 51, 47
 21, 51, 48
 21, 51, 52
 21, 51, 57
 21, 52, 22
 21, 52, 23
 21, 52, 24
 21, 52, 26
 21, 52, 27
 21, 52, 29
 21, 52, 30
 21, 52, 32
 21, 52, 39
 21, 52, 40
 21, 52, 41
 21, 52, 44
 21, 52, 45
 21, 52, 47
 21, 52, 48
 21, 52, 51
 21, 52, 57
 21, 57, 30
 21, 57, 38
 21, 57, 39
 21, 57, 40
 21, 57, 44
 21, 57, 45
 21, 57, 47
 21, 57, 48
 21, 57, 49
 21, 57, 50
 21, 57, 51
 21, 57, 52
 22, 23, 24
 22, 23, 27
 22, 23, 29
 22, 23, 32
 22, 23, 38
 22, 23, 39
 22, 23, 40
 22, 23, 41
 22, 23, 44
 22, 23, 47
 22, 23, 48
 22, 23, 51
 22, 23, 52
 22, 24, 23
 22, 24, 27
 22, 24, 29
 22, 24, 32
 22, 24, 38
 22, 24, 39
 22, 24, 40
 22, 24, 41
 22, 24, 44
 22, 24, 47
 22, 24, 48
 22, 24, 51
 22, 24, 52
 22, 26, 38
 22, 26, 41
 22, 26, 44
 22, 26, 47
 22, 26, 48
 22, 26, 51
 22, 26, 52
 22, 27, 23
 22, 27, 24
 22, 27, 29
 22, 27, 30
 22, 27, 32
 22, 27, 38
 22, 27, 39
 22, 27, 40
 22, 27, 41
 22, 27, 44
 22, 27, 47
 22, 27, 48
 22, 27, 51
 22, 27, 52
 22, 27, 54
 22, 29, 23
 22, 29, 24
 22, 29, 27
 22, 29, 32
 22, 29, 38
 22, 29, 39
 22, 29, 40
 22, 29, 41
 22, 29, 44
 22, 29, 47
 22, 29, 48
 22, 29, 51
 22, 29, 52
 22, 29, 54
 22, 30, 27
 22, 30, 32
 22, 30, 38
 22, 30, 39
 22, 30, 40
 22, 30, 41
 22, 30, 44
 22, 30, 47
 22, 30, 48
 22, 30, 51
 22, 30, 52
 22, 30, 54
 22, 32, 23
 22, 32, 24
 22, 32, 27
 22, 32, 29
 22, 32, 30
 22, 32, 38
 22, 32, 39
 22, 32, 40
 22, 32, 41
 22, 32, 44
 22, 32, 48
 22, 32, 52
 22, 32, 54
 22, 38, 23
 22, 38, 24
 22, 38, 26
 22, 38, 27
 22, 38, 29
 22, 38, 30
 22, 38, 32
 22, 38, 39
 22, 38, 41
 22, 38, 48
 22, 38, 54
 22, 39, 23
 22, 39, 24
 22, 39, 27
 22, 39, 29
 22, 39, 30
 22, 39, 32
 22, 39, 38
 22, 39, 41
 22, 39, 44
 22, 39, 48
 22, 39, 52
 22, 39, 54
 22, 40, 23
 22, 40, 24
 22, 40, 27
 22, 40, 29
 22, 40, 30
 22, 40, 32
 22, 40, 41
 22, 40, 48
 22, 40, 52
 22, 40, 54
 22, 41, 23
 22, 41, 24
 22, 41, 26
 22, 41, 27
 22, 41, 29
 22, 41, 30
 22, 41, 32
 22, 41, 38
 22, 41, 39
 22, 41, 40
 22, 41, 44
 22, 41, 48
 22, 41, 52
 22, 44, 23
 22, 44, 24
 22, 44, 26
 22, 44, 27
 22, 44, 29
 22, 44, 30
 22, 44, 32
 22, 44, 39
 22, 44, 41
 22, 44, 48
 22, 44, 52
 22, 44, 54
 22, 47, 23
 22, 47, 24
 22, 47, 26
 22, 47, 27
 22, 47, 29
 22, 47, 30
 22, 47, 48
 22, 47, 51
 22, 47, 52
 22, 47, 54
 22, 48, 23
 22, 48, 24
 22, 48, 26
 22, 48, 27
 22, 48, 29
 22, 48, 30
 22, 48, 32
 22, 48, 38
 22, 48, 39
 22, 48, 40
 22, 48, 41
 22, 48, 44
 22, 48, 47
 22, 48, 51
 22, 48, 52
 22, 48, 54
 22, 51, 23
 22, 51, 24
 22, 51, 26
 22, 51, 27
 22, 51, 29
 22, 51, 30
 22, 51, 47
 22, 51, 48
 22, 51, 52
 22, 51, 54
 22, 52, 23
 22, 52, 24
 22, 52, 26
 22, 52, 27
 22, 52, 29
 22, 52, 30
 22, 52, 32
 22, 52, 39
 22, 52, 40
 22, 52, 41
 22, 52, 44
 22, 52, 47
 22, 52, 48
 22, 52, 51
 22, 54, 27
 22, 54, 29
 22, 54, 30
 22, 54, 32
 22, 54, 38
 22, 54, 39
 22, 54, 40
 22, 54, 44
 22, 54, 47
 22, 54, 48
 22, 54, 51
 23, 24, 27
 23, 24, 28
 23, 24, 29
 23, 24, 32
 23, 24, 38
 23, 24, 39
 23, 24, 40
 23, 24, 41
 23, 24, 44
 23, 24, 45
 23, 24, 47
 23, 24, 48
 23, 24, 51
 23, 24, 52
 23, 25, 32
 23, 25, 38
 23, 25, 40
 23, 25, 41
 23, 25, 44
 23, 25, 47
 23, 25, 51
 23, 27, 24
 23, 27, 29
 23, 27, 32
 23, 27, 38
 23, 27, 39
 23, 27, 40
 23, 27, 41
 23, 27, 44
 23, 27, 47
 23, 27, 48
 23, 27, 51
 23, 27, 52
 23, 28, 24
 23, 28, 38
 23, 28, 40
 23, 28, 41
 23, 28, 44
 23, 28, 47
 23, 28, 48
 23, 28, 51
 23, 29, 24
 23, 29, 27
 23, 29, 32
 23, 29, 38
 23, 29, 39
 23, 29, 40
 23, 29, 41
 23, 29, 44
 23, 29, 45
 23, 29, 47
 23, 29, 48
 23, 29, 49
 23, 29, 51
 23, 29, 52
 23, 32, 24
 23, 32, 25
 23, 32, 27
 23, 32, 29
 23, 32, 38
 23, 32, 39
 23, 32, 40
 23, 32, 41
 23, 32, 43
 23, 32, 44
 23, 32, 45
 23, 32, 48
 23, 32, 49
 23, 32, 50
 23, 32, 52
 23, 38, 24
 23, 38, 25
 23, 38, 27
 23, 38, 28
 23, 38, 29
 23, 38, 32
 23, 38, 39
 23, 38, 41
 23, 38, 43
 23, 38, 48
 23, 39, 24
 23, 39, 27
 23, 39, 29
 23, 39, 32
 23, 39, 38
 23, 39, 41
 23, 39, 44
 23, 39, 48
 23, 39, 52
 23, 40, 24
 23, 40, 25
 23, 40, 27
 23, 40, 28
 23, 40, 29
 23, 40, 32
 23, 40, 41
 23, 40, 48
 23, 40, 52
 23, 41, 24
 23, 41, 25
 23, 41, 27
 23, 41, 28
 23, 41, 29
 23, 41, 32
 23, 41, 38
 23, 41, 39
 23, 41, 40
 23, 41, 43
 23, 41, 44
 23, 41, 45
 23, 41, 48
 23, 41, 52
 23, 43, 32
 23, 43, 38
 23, 43, 41
 23, 43, 52
 23, 44, 24
 23, 44, 25
 23, 44, 27
 23, 44, 28
 23, 44, 29
 23, 44, 32
 23, 44, 39
 23, 44, 41
 23, 44, 48
 23, 44, 52
 23, 45, 24
 23, 45, 29
 23, 45, 32
 23, 45, 41
 23, 45, 52
 23, 47, 24
 23, 47, 25
 23, 47, 27
 23, 47, 28
 23, 47, 29
 23, 47, 48
 23, 47, 49
 23, 47, 50
 23, 47, 51
 23, 47, 52
 23, 48, 24
 23, 48, 27
 23, 48, 28
 23, 48, 29
 23, 48, 32
 23, 48, 38
 23, 48, 39
 23, 48, 40
 23, 48, 41
 23, 48, 44
 23, 48, 47
 23, 48, 51
 23, 48, 52
 23, 49, 29
 23, 49, 32
 23, 49, 47
 23, 50, 32
 23, 50, 47
 23, 51, 24
 23, 51, 25
 23, 51, 27
 23, 51, 28
 23, 51, 29
 23, 51, 47
 23, 51, 48
 23, 51, 52
 23, 52, 24
 23, 52, 27
 23, 52, 29
 23, 52, 32
 23, 52, 39
 23, 52, 40
 23, 52, 41
 23, 52, 43
 23, 52, 44
 23, 52, 45
 23, 52, 47
 23, 52, 48
 23, 52, 51
 24, 27, 29
 24, 27, 32
 24, 27, 38
 24, 27, 39
 24, 27, 40
 24, 27, 41
 24, 27, 44
 24, 27, 47
 24, 27, 48
 24, 27, 51
 24, 27, 52
 24, 28, 38
 24, 28, 40
 24, 28, 41
 24, 28, 44
 24, 28, 47
 24, 28, 48
 24, 28, 51
 24, 29, 27
 24, 29, 32
 24, 29, 38
 24, 29, 39
 24, 29, 40
 24, 29, 41
 24, 29, 44
 24, 29, 45
 24, 29, 47
 24, 29, 48
 24, 29, 51
 24, 29, 52
 24, 32, 27
 24, 32, 29
 24, 32, 38
 24, 32, 39
 24, 32, 40
 24, 32, 41
 24, 32, 44
 24, 32, 45
 24, 32, 48
 24, 32, 52
 24, 38, 27
 24, 38, 28
 24, 38, 29
 24, 38, 32
 24, 38, 39
 24, 38, 41
 24, 38, 48
 24, 39, 27
 24, 39, 29
 24, 39, 32
 24, 39, 38
 24, 39, 41
 24, 39, 44
 24, 39, 48
 24, 39, 52
 24, 40, 27
 24, 40, 28
 24, 40, 29
 24, 40, 32
 24, 40, 41
 24, 40, 48
 24, 40, 52
 24, 41, 27
 24, 41, 28
 24, 41, 29
 24, 41, 32
 24, 41, 38
 24, 41, 39
 24, 41, 40
 24, 41, 44
 24, 41, 45
 24, 41, 48
 24, 41, 52
 24, 44, 27
 24, 44, 28
 24, 44, 29
 24, 44, 32
 24, 44, 39
 24, 44, 41
 24, 44, 48
 24, 44, 52
 24, 45, 29
 24, 45, 32
 24, 45, 41
 24, 45, 52
 24, 47, 27
 24, 47, 28
 24, 47, 29
 24, 47, 48
 24, 47, 51
 24, 47, 52
 24, 48, 27
 24, 48, 28
 24, 48, 29
 24, 48, 32
 24, 48, 38
 24, 48, 39
 24, 48, 40
 24, 48, 41
 24, 48, 44
 24, 48, 47
 24, 48, 51
 24, 48, 52
 24, 51, 27
 24, 51, 28
 24, 51, 29
 24, 51, 47
 24, 51, 48
 24, 51, 52
 24, 52, 27
 24, 52, 29
 24, 52, 32
 24, 52, 39
 24, 52, 40
 24, 52, 41
 24, 52, 44
 24, 52, 45
 24, 52, 47
 24, 52, 48
 24, 52, 51
 25, 32, 38
 25, 32, 40
 25, 32, 41
 25, 32, 44
 25, 38, 32
 25, 38, 41
 25, 40, 32
 25, 40, 41
 25, 41, 32
 25, 41, 38
 25, 41, 40
 25, 41, 44
 25, 44, 32
 25, 44, 41
 25, 47, 51
 25, 51, 47
 26, 28, 38
 26, 28, 41
 26, 28, 44
 26, 28, 47
 26, 28, 48
 26, 28, 51
 26, 38, 28
 26, 38, 41
 26, 38, 48
 26, 41, 28
 26, 41, 38
 26, 41, 44
 26, 41, 48
 26, 41, 52
 26, 44, 28
 26, 44, 41
 26, 44, 48
 26, 44, 52
 26, 47, 28
 26, 47, 48
 26, 47, 51
 26, 47, 52
 26, 48, 28
 26, 48, 38
 26, 48, 41
 26, 48, 44
 26, 48, 47
 26, 48, 51
 26, 48, 52
 26, 51, 28
 26, 51, 47
 26, 51, 48
 26, 51, 52
 26, 52, 41
 26, 52, 44
 26, 52, 47
 26, 52, 48
 26, 52, 51
 27, 29, 32
 27, 29, 38
 27, 29, 39
 27, 29, 40
 27, 29, 41
 27, 29, 44
 27, 29, 47
 27, 29, 48
 27, 29, 51
 27, 29, 52
 27, 29, 54
 27, 30, 32
 27, 30, 38
 27, 30, 39
 27, 30, 40
 27, 30, 41
 27, 30, 44
 27, 30, 47
 27, 30, 48
 27, 30, 51
 27, 30, 52
 27, 30, 54
 27, 32, 29
 27, 32, 30
 27, 32, 38
 27, 32, 39
 27, 32, 40
 27, 32, 41
 27, 32, 44
 27, 32, 48
 27, 32, 52
 27, 32, 54
 27, 38, 29
 27, 38, 30
 27, 38, 32
 27, 38, 39
 27, 38, 41
 27, 38, 48
 27, 38, 54
 27, 39, 29
 27, 39, 30
 27, 39, 32
 27, 39, 38
 27, 39, 41
 27, 39, 44
 27, 39, 48
 27, 39, 52
 27, 39, 54
 27, 40, 29
 27, 40, 30
 27, 40, 32
 27, 40, 41
 27, 40, 48
 27, 40, 52
 27, 40, 54
 27, 41, 29
 27, 41, 30
 27, 41, 32
 27, 41, 38
 27, 41, 39
 27, 41, 40
 27, 41, 44
 27, 41, 48
 27, 41, 52
 27, 44, 29
 27, 44, 30
 27, 44, 32
 27, 44, 39
 27, 44, 41
 27, 44, 48
 27, 44, 52
 27, 44, 54
 27, 47, 29
 27, 47, 30
 27, 47, 48
 27, 47, 51
 27, 47, 52
 27, 47, 54
 27, 48, 29
 27, 48, 30
 27, 48, 32
 27, 48, 38
 27, 48, 39
 27, 48, 40
 27, 48, 41
 27, 48, 44
 27, 48, 47
 27, 48, 51
 27, 48, 52
 27, 48, 54
 27, 51, 29
 27, 51, 30
 27, 51, 47
 27, 51, 48
 27, 51, 52
 27, 51, 54
 27, 52, 29
 27, 52, 30
 27, 52, 32
 27, 52, 39
 27, 52, 40
 27, 52, 41
 27, 52, 44
 27, 52, 47
 27, 52, 48
 27, 52, 51
 27, 54, 29
 27, 54, 30
 27, 54, 32
 27, 54, 38
 27, 54, 39
 27, 54, 40
 27, 54, 44
 27, 54, 47
 27, 54, 48
 27, 54, 51
 28, 38, 41
 28, 38, 48
 28, 38, 54
 28, 40, 41
 28, 40, 48
 28, 40, 54
 28, 41, 38
 28, 41, 40
 28, 41, 44
 28, 41, 48
 28, 44, 41
 28, 44, 48
 28, 44, 54
 28, 47, 48
 28, 47, 51
 28, 47, 54
 28, 48, 38
 28, 48, 40
 28, 48, 41
 28, 48, 44
 28, 48, 47
 28, 48, 51
 28, 48, 54
 28, 51, 47
 28, 51, 48
 28, 51, 54
 28, 54, 38
 28, 54, 40
 28, 54, 44
 28, 54, 47
 28, 54, 48
 28, 54, 51
 29, 31, 32
 29, 31, 33
 29, 31, 34
 29, 31, 37
 29, 31, 38
 29, 31, 39
 29, 31, 40
 29, 31, 41
 29, 31, 45
 29, 31, 46
 29, 31, 48
 29, 31, 52
 29, 31, 54
 29, 32, 31
 29, 32, 33
 29, 32, 34
 29, 32, 37
 29, 32, 38
 29, 32, 39
 29, 32, 40
 29, 32, 41
 29, 32, 44
 29, 32, 45
 29, 32, 46
 29, 32, 48
 29, 32, 49
 29, 32, 52
 29, 32, 54
 29, 33, 31
 29, 33, 32
 29, 33, 38
 29, 33, 41
 29, 33, 48
 29, 33, 52
 29, 33, 54
 29, 34, 31
 29, 34, 32
 29, 34, 37
 29, 34, 38
 29, 34, 40
 29, 34, 41
 29, 34, 44
 29, 34, 45
 29, 34, 48
 29, 34, 52
 29, 34, 54
 29, 37, 31
 29, 37, 32
 29, 37, 34
 29, 37, 38
 29, 37, 39
 29, 37, 40
 29, 37, 41
 29, 37, 48
 29, 37, 52
 29, 37, 54
 29, 38, 31
 29, 38, 32
 29, 38, 33
 29, 38, 34
 29, 38, 37
 29, 38, 39
 29, 38, 41
 29, 38, 46
 29, 38, 48
 29, 38, 54
 29, 39, 31
 29, 39, 32
 29, 39, 37
 29, 39, 38
 29, 39, 41
 29, 39, 44
 29, 39, 48
 29, 39, 52
 29, 39, 54
 29, 40, 31
 29, 40, 32
 29, 40, 34
 29, 40, 37
 29, 40, 41
 29, 40, 48
 29, 40, 52
 29, 40, 54
 29, 41, 31
 29, 41, 32
 29, 41, 33
 29, 41, 34
 29, 41, 37
 29, 41, 38
 29, 41, 39
 29, 41, 40
 29, 41, 44
 29, 41, 45
 29, 41, 46
 29, 41, 48
 29, 41, 52
 29, 44, 32
 29, 44, 34
 29, 44, 39
 29, 44, 41
 29, 44, 48
 29, 44, 52
 29, 44, 54
 29, 45, 31
 29, 45, 32
 29, 45, 34
 29, 45, 41
 29, 45, 52
 29, 45, 54
 29, 46, 31
 29, 46, 32
 29, 46, 38
 29, 46, 41
 29, 47, 48
 29, 47, 49
 29, 47, 51
 29, 47, 52
 29, 47, 54
 29, 48, 31
 29, 48, 32
 29, 48, 33
 29, 48, 34
 29, 48, 37
 29, 48, 38
 29, 48, 39
 29, 48, 40
 29, 48, 41
 29, 48, 44
 29, 48, 47
 29, 48, 51
 29, 48, 52
 29, 48, 54
 29, 49, 32
 29, 49, 47
 29, 51, 47
 29, 51, 48
 29, 51, 52
 29, 51, 54
 29, 52, 31
 29, 52, 32
 29, 52, 33
 29, 52, 34
 29, 52, 37
 29, 52, 39
 29, 52, 40
 29, 52, 41
 29, 52, 44
 29, 52, 45
 29, 52, 47
 29, 52, 48
 29, 52, 51
 29, 54, 31
 29, 54, 32
 29, 54, 33
 29, 54, 34
 29, 54, 37
 29, 54, 38
 29, 54, 39
 29, 54, 40
 29, 54, 44
 29, 54, 45
 29, 54, 47
 29, 54, 48
 29, 54, 51
 30, 32, 38
 30, 32, 39
 30, 32, 40
 30, 32, 41
 30, 32, 44
 30, 32, 45
 30, 32, 46
 30, 32, 48
 30, 32, 49
 30, 32, 52
 30, 32, 54
 30, 38, 32
 30, 38, 39
 30, 38, 41
 30, 38, 46
 30, 38, 48
 30, 38, 54
 30, 38, 56
 30, 38, 57
 30, 39, 32
 30, 39, 38
 30, 39, 41
 30, 39, 44
 30, 39, 48
 30, 39, 52
 30, 39, 53
 30, 39, 54
 30, 39, 55
 30, 39, 56
 30, 39, 57
 30, 40, 32
 30, 40, 41
 30, 40, 48
 30, 40, 52
 30, 40, 53
 30, 40, 54
 30, 40, 55
 30, 40, 56
 30, 40, 57
 30, 41, 32
 30, 41, 38
 30, 41, 39
 30, 41, 40
 30, 41, 44
 30, 41, 45
 30, 41, 46
 30, 41, 48
 30, 41, 52
 30, 41, 55
 30, 44, 32
 30, 44, 39
 30, 44, 41
 30, 44, 48
 30, 44, 52
 30, 44, 53
 30, 44, 54
 30, 44, 55
 30, 44, 56
 30, 44, 57
 30, 45, 32
 30, 45, 41
 30, 45, 52
 30, 45, 53
 30, 45, 54
 30, 45, 55
 30, 45, 56
 30, 45, 57
 30, 46, 32
 30, 46, 38
 30, 46, 41
 30, 46, 55
 30, 46, 57
 30, 47, 48
 30, 47, 49
 30, 47, 51
 30, 47, 52
 30, 47, 53
 30, 47, 54
 30, 47, 55
 30, 47, 56
 30, 47, 57
 30, 48, 32
 30, 48, 38
 30, 48, 39
 30, 48, 40
 30, 48, 41
 30, 48, 44
 30, 48, 47
 30, 48, 51
 30, 48, 52
 30, 48, 53
 30, 48, 54
 30, 48, 55
 30, 48, 56
 30, 48, 57
 30, 49, 32
 30, 49, 47
 30, 49, 53
 30, 49, 55
 30, 49, 56
 30, 49, 57
 30, 51, 47
 30, 51, 48
 30, 51, 52
 30, 51, 53
 30, 51, 54
 30, 51, 55
 30, 51, 56
 30, 51, 57
 30, 52, 32
 30, 52, 39
 30, 52, 40
 30, 52, 41
 30, 52, 44
 30, 52, 45
 30, 52, 47
 30, 52, 48
 30, 52, 51
 30, 52, 53
 30, 52, 55
 30, 52, 56
 30, 52, 57
 30, 53, 39
 30, 53, 40
 30, 53, 44
 30, 53, 45
 30, 53, 47
 30, 53, 48
 30, 53, 49
 30, 53, 51
 30, 53, 52
 30, 54, 32
 30, 54, 38
 30, 54, 39
 30, 54, 40
 30, 54, 44
 30, 54, 45
 30, 54, 47
 30, 54, 48
 30, 54, 51
 30, 54, 55
 30, 54, 56
 30, 54, 57
 30, 55, 39
 30, 55, 40
 30, 55, 41
 30, 55, 44
 30, 55, 45
 30, 55, 46
 30, 55, 47
 30, 55, 48
 30, 55, 49
 30, 55, 51
 30, 55, 52
 30, 55, 54
 30, 56, 38
 30, 56, 39
 30, 56, 40
 30, 56, 44
 30, 56, 45
 30, 56, 47
 30, 56, 48
 30, 56, 49
 30, 56, 51
 30, 56, 52
 30, 56, 54
 30, 57, 38
 30, 57, 39
 30, 57, 40
 30, 57, 44
 30, 57, 45
 30, 57, 46
 30, 57, 47
 30, 57, 48
 30, 57, 49
 30, 57, 51
 30, 57, 52
 30, 57, 54
 31, 32, 33
 31, 32, 34
 31, 32, 37
 31, 32, 38
 31, 32, 39
 31, 32, 40
 31, 32, 41
 31, 32, 42
 31, 32, 43
 31, 32, 45
 31, 32, 46
 31, 32, 48
 31, 32, 50
 31, 32, 52
 31, 32, 54
 31, 33, 32
 31, 33, 38
 31, 33, 41
 31, 33, 43
 31, 33, 48
 31, 33, 52
 31, 33, 54
 31, 34, 32
 31, 34, 37
 31, 34, 38
 31, 34, 40
 31, 34, 41
 31, 34, 42
 31, 34, 45
 31, 34, 48
 31, 34, 52
 31, 34, 54
 31, 34, 55
 31, 34, 56
 31, 34, 57
 31, 36, 48
 31, 36, 52
 31, 36, 54
 31, 36, 55
 31, 36, 56
 31, 36, 57
 31, 37, 32
 31, 37, 34
 31, 37, 38
 31, 37, 39
 31, 37, 40
 31, 37, 41
 31, 37, 42
 31, 37, 43
 31, 37, 48
 31, 37, 52
 31, 37, 54
 31, 37, 55
 31, 37, 56
 31, 37, 57
 31, 38, 32
 31, 38, 33
 31, 38, 34
 31, 38, 37
 31, 38, 39
 31, 38, 41
 31, 38, 42
 31, 38, 43
 31, 38, 46
 31, 38, 48
 31, 38, 54
 31, 38, 56
 31, 38, 57
 31, 39, 32
 31, 39, 37
 31, 39, 38
 31, 39, 41
 31, 39, 48
 31, 39, 52
 31, 39, 54
 31, 39, 55
 31, 39, 56
 31, 39, 57
 31, 40, 32
 31, 40, 34
 31, 40, 37
 31, 40, 41
 31, 40, 48
 31, 40, 52
 31, 40, 54
 31, 40, 55
 31, 40, 56
 31, 40, 57
 31, 41, 32
 31, 41, 33
 31, 41, 34
 31, 41, 37
 31, 41, 38
 31, 41, 39
 31, 41, 40
 31, 41, 42
 31, 41, 43
 31, 41, 45
 31, 41, 46
 31, 41, 48
 31, 41, 52
 31, 41, 55
 31, 42, 32
 31, 42, 34
 31, 42, 37
 31, 42, 38
 31, 42, 41
 31, 42, 55
 31, 42, 56
 31, 42, 57
 31, 43, 32
 31, 43, 33
 31, 43, 37
 31, 43, 38
 31, 43, 41
 31, 43, 52
 31, 43, 54
 31, 43, 55
 31, 43, 56
 31, 43, 57
 31, 45, 32
 31, 45, 34
 31, 45, 41
 31, 45, 52
 31, 45, 54
 31, 45, 55
 31, 45, 56
 31, 45, 57
 31, 46, 32
 31, 46, 38
 31, 46, 41
 31, 46, 55
 31, 46, 57
 31, 48, 32
 31, 48, 33
 31, 48, 34
 31, 48, 36
 31, 48, 37
 31, 48, 38
 31, 48, 39
 31, 48, 40
 31, 48, 41
 31, 48, 52
 31, 48, 54
 31, 48, 55
 31, 48, 56
 31, 48, 57
 31, 50, 32
 31, 50, 56
 31, 50, 57
 31, 52, 32
 31, 52, 33
 31, 52, 34
 31, 52, 36
 31, 52, 37
 31, 52, 39
 31, 52, 40
 31, 52, 41
 31, 52, 43
 31, 52, 45
 31, 52, 48
 31, 52, 55
 31, 52, 56
 31, 52, 57
 31, 54, 32
 31, 54, 33
 31, 54, 34
 31, 54, 36
 31, 54, 37
 31, 54, 38
 31, 54, 39
 31, 54, 40
 31, 54, 43
 31, 54, 45
 31, 54, 48
 31, 54, 55
 31, 54, 56
 31, 54, 57
 31, 55, 34
 31, 55, 36
 31, 55, 37
 31, 55, 39
 31, 55, 40
 31, 55, 41
 31, 55, 42
 31, 55, 43
 31, 55, 45
 31, 55, 46
 31, 55, 48
 31, 55, 52
 31, 55, 54
 31, 56, 34
 31, 56, 36
 31, 56, 37
 31, 56, 38
 31, 56, 39
 31, 56, 40
 31, 56, 42
 31, 56, 43
 31, 56, 45
 31, 56, 48
 31, 56, 50
 31, 56, 52
 31, 56, 54
 31, 57, 34
 31, 57, 36
 31, 57, 37
 31, 57, 38
 31, 57, 39
 31, 57, 40
 31, 57, 42
 31, 57, 43
 31, 57, 45
 31, 57, 46
 31, 57, 48
 31, 57, 50
 31, 57, 52
 31, 57, 54
 32, 33, 38
 32, 33, 41
 32, 33, 43
 32, 33, 48
 32, 33, 52
 32, 33, 54
 32, 34, 37
 32, 34, 38
 32, 34, 40
 32, 34, 41
 32, 34, 42
 32, 34, 44
 32, 34, 45
 32, 34, 48
 32, 34, 52
 32, 34, 54
 32, 37, 34
 32, 37, 38
 32, 37, 39
 32, 37, 40
 32, 37, 41
 32, 37, 42
 32, 37, 43
 32, 37, 48
 32, 37, 52
 32, 37, 54
 32, 38, 33
 32, 38, 34
 32, 38, 37
 32, 38, 39
 32, 38, 41
 32, 38, 42
 32, 38, 43
 32, 38, 46
 32, 38, 48
 32, 38, 54
 32, 39, 37
 32, 39, 38
 32, 39, 41
 32, 39, 44
 32, 39, 48
 32, 39, 52
 32, 39, 54
 32, 40, 34
 32, 40, 37
 32, 40, 41
 32, 40, 48
 32, 40, 52
 32, 40, 54
 32, 41, 33
 32, 41, 34
 32, 41, 37
 32, 41, 38
 32, 41, 39
 32, 41, 40
 32, 41, 42
 32, 41, 43
 32, 41, 44
 32, 41, 45
 32, 41, 46
 32, 41, 48
 32, 41, 52
 32, 42, 34
 32, 42, 37
 32, 42, 38
 32, 42, 41
 32, 43, 33
 32, 43, 37
 32, 43, 38
 32, 43, 41
 32, 43, 52
 32, 43, 54
 32, 44, 34
 32, 44, 39
 32, 44, 41
 32, 44, 48
 32, 44, 52
 32, 44, 54
 32, 45, 34
 32, 45, 41
 32, 45, 52
 32, 45, 54
 32, 46, 38
 32, 46, 41
 32, 48, 33
 32, 48, 34
 32, 48, 37
 32, 48, 38
 32, 48, 39
 32, 48, 40
 32, 48, 41
 32, 48, 44
 32, 48, 52
 32, 48, 54
 32, 52, 33
 32, 52, 34
 32, 52, 37
 32, 52, 39
 32, 52, 40
 32, 52, 41
 32, 52, 43
 32, 52, 44
 32, 52, 45
 32, 52, 48
 32, 54, 33
 32, 54, 34
 32, 54, 37
 32, 54, 38
 32, 54, 39
 32, 54, 40
 32, 54, 43
 32, 54, 44
 32, 54, 45
 32, 54, 48
 33, 38, 41
 33, 38, 43
 33, 38, 48
 33, 38, 54
 33, 41, 38
 33, 41, 43
 33, 41, 48
 33, 41, 52
 33, 43, 38
 33, 43, 41
 33, 43, 52
 33, 43, 54
 33, 48, 38
 33, 48, 41
 33, 48, 52
 33, 48, 54
 33, 52, 41
 33, 52, 43
 33, 52, 48
 33, 54, 38
 33, 54, 43
 33, 54, 48
 34, 37, 38
 34, 37, 40
 34, 37, 41
 34, 37, 42
 34, 37, 48
 34, 37, 52
 34, 37, 54
 34, 37, 55
 34, 37, 56
 34, 37, 57
 34, 38, 37
 34, 38, 41
 34, 38, 42
 34, 38, 48
 34, 38, 54
 34, 38, 56
 34, 38, 57
 34, 40, 37
 34, 40, 41
 34, 40, 48
 34, 40, 52
 34, 40, 54
 34, 40, 55
 34, 40, 56
 34, 40, 57
 34, 41, 37
 34, 41, 38
 34, 41, 40
 34, 41, 42
 34, 41, 44
 34, 41, 45
 34, 41, 48
 34, 41, 52
 34, 41, 55
 34, 42, 37
 34, 42, 38
 34, 42, 41
 34, 42, 55
 34, 42, 56
 34, 42, 57
 34, 44, 41
 34, 44, 48
 34, 44, 52
 34, 44, 54
 34, 44, 55
 34, 44, 56
 34, 44, 57
 34, 45, 41
 34, 45, 52
 34, 45, 54
 34, 45, 55
 34, 45, 56
 34, 45, 57
 34, 48, 37
 34, 48, 38
 34, 48, 40
 34, 48, 41
 34, 48, 44
 34, 48, 52
 34, 48, 54
 34, 48, 55
 34, 48, 56
 34, 48, 57
 34, 52, 37
 34, 52, 40
 34, 52, 41
 34, 52, 44
 34, 52, 45
 34, 52, 48
 34, 52, 55
 34, 52, 56
 34, 52, 57
 34, 54, 37
 34, 54, 38
 34, 54, 40
 34, 54, 44
 34, 54, 45
 34, 54, 48
 34, 54, 55
 34, 54, 56
 34, 54, 57
 34, 55, 37
 34, 55, 40
 34, 55, 41
 34, 55, 42
 34, 55, 44
 34, 55, 45
 34, 55, 48
 34, 55, 52
 34, 55, 54
 34, 56, 37
 34, 56, 38
 34, 56, 40
 34, 56, 42
 34, 56, 44
 34, 56, 45
 34, 56, 48
 34, 56, 52
 34, 56, 54
 34, 57, 37
 34, 57, 38
 34, 57, 40
 34, 57, 42
 34, 57, 44
 34, 57, 45
 34, 57, 48
 34, 57, 52
 34, 57, 54
 36, 48, 52
 36, 48, 53
 36, 48, 54
 36, 48, 55
 36, 48, 56
 36, 48, 57
 36, 52, 48
 36, 52, 53
 36, 52, 55
 36, 52, 56
 36, 52, 57
 36, 53, 48
 36, 53, 52
 36, 54, 48
 36, 54, 55
 36, 54, 56
 36, 54, 57
 36, 55, 48
 36, 55, 52
 36, 55, 54
 36, 56, 48
 36, 56, 52
 36, 56, 54
 36, 57, 48
 36, 57, 52
 36, 57, 54
 37, 38, 39
 37, 38, 41
 37, 38, 42
 37, 38, 43
 37, 38, 48
 37, 38, 54
 37, 38, 56
 37, 38, 57
 37, 39, 38
 37, 39, 41
 37, 39, 48
 37, 39, 52
 37, 39, 53
 37, 39, 54
 37, 39, 55
 37, 39, 56
 37, 39, 57
 37, 40, 41
 37, 40, 48
 37, 40, 52
 37, 40, 53
 37, 40, 54
 37, 40, 55
 37, 40, 56
 37, 40, 57
 37, 41, 38
 37, 41, 39
 37, 41, 40
 37, 41, 42
 37, 41, 43
 37, 41, 48
 37, 41, 52
 37, 41, 55
 37, 42, 38
 37, 42, 41
 37, 42, 53
 37, 42, 55
 37, 42, 56
 37, 42, 57
 37, 43, 38
 37, 43, 41
 37, 43, 52
 37, 43, 53
 37, 43, 54
 37, 43, 55
 37, 43, 56
 37, 43, 57
 37, 48, 38
 37, 48, 39
 37, 48, 40
 37, 48, 41
 37, 48, 52
 37, 48, 53
 37, 48, 54
 37, 48, 55
 37, 48, 56
 37, 48, 57
 37, 52, 39
 37, 52, 40
 37, 52, 41
 37, 52, 43
 37, 52, 48
 37, 52, 53
 37, 52, 55
 37, 52, 56
 37, 52, 57
 37, 53, 39
 37, 53, 40
 37, 53, 42
 37, 53, 43
 37, 53, 48
 37, 53, 52
 37, 54, 38
 37, 54, 39
 37, 54, 40
 37, 54, 43
 37, 54, 48
 37, 54, 55
 37, 54, 56
 37, 54, 57
 37, 55, 39
 37, 55, 40
 37, 55, 41
 37, 55, 42
 37, 55, 43
 37, 55, 48
 37, 55, 52
 37, 55, 54
 37, 56, 38
 37, 56, 39
 37, 56, 40
 37, 56, 42
 37, 56, 43
 37, 56, 48
 37, 56, 52
 37, 56, 54
 37, 57, 38
 37, 57, 39
 37, 57, 40
 37, 57, 42
 37, 57, 43
 37, 57, 48
 37, 57, 52
 37, 57, 54
 38, 39, 41
 38, 39, 48
 38, 39, 54
 38, 39, 56
 38, 39, 57
 38, 41, 39
 38, 41, 42
 38, 41, 43
 38, 41, 46
 38, 41, 48
 38, 42, 41
 38, 42, 56
 38, 42, 57
 38, 43, 41
 38, 43, 54
 38, 43, 56
 38, 43, 57
 38, 46, 41
 38, 46, 57
 38, 48, 39
 38, 48, 41
 38, 48, 54
 38, 48, 56
 38, 48, 57
 38, 54, 39
 38, 54, 43
 38, 54, 48
 38, 54, 56
 38, 54, 57
 38, 56, 39
 38, 56, 42
 38, 56, 43
 38, 56, 48
 38, 56, 54
 38, 57, 39
 38, 57, 42
 38, 57, 43
 38, 57, 46
 38, 57, 48
 38, 57, 54
 39, 41, 44
 39, 41, 48
 39, 41, 52
 39, 41, 55
 39, 44, 41
 39, 44, 48
 39, 44, 52
 39, 44, 53
 39, 44, 54
 39, 44, 55
 39, 44, 56
 39, 44, 57
 39, 48, 41
 39, 48, 44
 39, 48, 52
 39, 48, 53
 39, 48, 54
 39, 48, 55
 39, 48, 56
 39, 48, 57
 39, 52, 41
 39, 52, 44
 39, 52, 48
 39, 52, 53
 39, 52, 55
 39, 52, 56
 39, 52, 57
 39, 53, 44
 39, 53, 48
 39, 53, 52
 39, 54, 44
 39, 54, 48
 39, 54, 55
 39, 54, 56
 39, 54, 57
 39, 55, 41
 39, 55, 44
 39, 55, 48
 39, 55, 52
 39, 55, 54
 39, 56, 44
 39, 56, 48
 39, 56, 52
 39, 56, 54
 39, 57, 44
 39, 57, 48
 39, 57, 52
 39, 57, 54
 40, 41, 48
 40, 41, 52
 40, 41, 55
 40, 48, 41
 40, 48, 52
 40, 48, 53
 40, 48, 54
 40, 48, 55
 40, 48, 56
 40, 48, 57
 40, 52, 41
 40, 52, 48
 40, 52, 53
 40, 52, 55
 40, 52, 56
 40, 52, 57
 40, 53, 48
 40, 53, 52
 40, 54, 48
 40, 54, 55
 40, 54, 56
 40, 54, 57
 40, 55, 41
 40, 55, 48
 40, 55, 52
 40, 55, 54
 40, 56, 48
 40, 56, 52
 40, 56, 54
 40, 57, 48
 40, 57, 52
 40, 57, 54
 41, 42, 55
 41, 43, 52
 41, 43, 55
 41, 44, 48
 41, 44, 52
 41, 44, 55
 41, 45, 52
 41, 45, 55
 41, 46, 55
 41, 48, 44
 41, 48, 52
 41, 48, 55
 41, 52, 43
 41, 52, 44
 41, 52, 45
 41, 52, 48
 41, 52, 55
 41, 55, 42
 41, 55, 43
 41, 55, 44
 41, 55, 45
 41, 55, 46
 41, 55, 48
 41, 55, 52
 43, 52, 53
 43, 52, 55
 43, 52, 56
 43, 52, 57
 43, 53, 52
 43, 54, 55
 43, 54, 56
 43, 54, 57
 43, 55, 52
 43, 55, 54
 43, 56, 52
 43, 56, 54
 43, 57, 52
 43, 57, 54
 44, 48, 52
 44, 48, 53
 44, 48, 54
 44, 48, 55
 44, 48, 56
 44, 48, 57
 44, 52, 48
 44, 52, 53
 44, 52, 55
 44, 52, 56
 44, 52, 57
 44, 53, 48
 44, 53, 52
 44, 54, 48
 44, 54, 55
 44, 54, 56
 44, 54, 57
 44, 55, 48
 44, 55, 52
 44, 55, 54
 44, 56, 48
 44, 56, 52
 44, 56, 54
 44, 57, 48
 44, 57, 52
 44, 57, 54
 45, 52, 53
 45, 52, 55
 45, 52, 56
 45, 52, 57
 45, 53, 52
 45, 54, 55
 45, 54, 56
 45, 54, 57
 45, 55, 52
 45, 55, 54
 45, 56, 52
 45, 56, 54
 45, 57, 52
 45, 57, 54
 47, 48, 51
 47, 48, 52
 47, 48, 53
 47, 48, 54
 47, 48, 55
 47, 48, 56
 47, 48, 57
 47, 49, 53
 47, 49, 55
 47, 49, 56
 47, 49, 57
 47, 50, 53
 47, 50, 56
 47, 50, 57
 47, 51, 48
 47, 51, 52
 47, 51, 53
 47, 51, 54
 47, 51, 55
 47, 51, 56
 47, 51, 57
 47, 52, 48
 47, 52, 51
 47, 52, 53
 47, 52, 55
 47, 52, 56
 47, 52, 57
 47, 53, 48
 47, 53, 49
 47, 53, 50
 47, 53, 51
 47, 53, 52
 47, 54, 48
 47, 54, 51
 47, 54, 55
 47, 54, 56
 47, 54, 57
 47, 55, 48
 47, 55, 49
 47, 55, 51
 47, 55, 52
 47, 55, 54
 47, 56, 48
 47, 56, 49
 47, 56, 50
 47, 56, 51
 47, 56, 52
 47, 56, 54
 47, 57, 48
 47, 57, 49
 47, 57, 50
 47, 57, 51
 47, 57, 52
 47, 57, 54
 48, 51, 52
 48, 51, 53
 48, 51, 54
 48, 51, 55
 48, 51, 56
 48, 51, 57
 48, 52, 51
 48, 52, 53
 48, 52, 55
 48, 52, 56
 48, 52, 57
 48, 53, 51
 48, 53, 52
 48, 54, 51
 48, 54, 55
 48, 54, 56
 48, 54, 57
 48, 55, 51
 48, 55, 52
 48, 55, 54
 48, 56, 51
 48, 56, 52
 48, 56, 54
 48, 57, 51
 48, 57, 52
 48, 57, 54
 51, 52, 53
 51, 52, 55
 51, 52, 56
 51, 52, 57
 51, 53, 52
 51, 54, 55
 51, 54, 56
 51, 54, 57
 51, 55, 52
 51, 55, 54
 51, 56, 52
 51, 56, 54
 51, 57, 52
 51, 57, 54
