0, 2, 16
 0, 2, 18
 0, 2, 23
 0, 2, 24
 0, 2, 25
 0, 2, 26
 0, 2, 29
 0, 2, 30
 0, 2, 33
 0, 2, 34
 0, 2, 36
 0, 2, 38
 0, 2, 40
 0, 2, 41
 0, 2, 43
 0, 2, 45
 0, 2, 46
 0, 2, 48
 0, 16, 2
 0, 16, 23
 0, 16, 24
 0, 16, 25
 0, 16, 26
 0, 16, 29
 0, 16, 33
 0, 16, 34
 0, 16, 36
 0, 16, 38
 0, 16, 40
 0, 16, 41
 0, 16, 43
 0, 16, 45
 0, 16, 46
 0, 16, 48
 0, 18, 2
 0, 18, 23
 0, 18, 24
 0, 18, 25
 0, 18, 26
 0, 18, 29
 0, 18, 33
 0, 18, 34
 0, 18, 36
 0, 18, 38
 0, 18, 45
 0, 18, 46
 0, 18, 48
 0, 22, 33
 0, 22, 34
 0, 22, 36
 0, 22, 40
 0, 22, 41
 0, 22, 43
 0, 22, 46
 0, 22, 48
 0, 23, 2
 0, 23, 16
 0, 23, 18
 0, 23, 24
 0, 23, 25
 0, 23, 26
 0, 23, 29
 0, 23, 31
 0, 23, 33
 0, 23, 36
 0, 23, 38
 0, 23, 40
 0, 23, 41
 0, 23, 43
 0, 23, 45
 0, 23, 46
 0, 23, 48
 0, 24, 2
 0, 24, 16
 0, 24, 18
 0, 24, 23
 0, 24, 26
 0, 24, 38
 0, 24, 40
 0, 24, 41
 0, 24, 43
 0, 24, 45
 0, 24, 48
 0, 25, 2
 0, 25, 16
 0, 25, 18
 0, 25, 23
 0, 25, 26
 0, 25, 29
 0, 25, 31
 0, 25, 33
 0, 25, 36
 0, 25, 38
 0, 25, 40
 0, 25, 43
 0, 25, 45
 0, 25, 46
 0, 25, 48
 0, 26, 2
 0, 26, 16
 0, 26, 18
 0, 26, 23
 0, 26, 24
 0, 26, 25
 0, 26, 30
 0, 26, 31
 0, 26, 33
 0, 26, 34
 0, 26, 35
 0, 26, 38
 0, 26, 48
 0, 29, 2
 0, 29, 16
 0, 29, 18
 0, 29, 23
 0, 29, 25
 0, 29, 38
 0, 29, 45
 0, 29, 48
 0, 30, 2
 0, 30, 26
 0, 30, 38
 0, 30, 41
 0, 30, 43
 0, 30, 48
 0, 31, 23
 0, 31, 25
 0, 31, 26
 0, 31, 38
 0, 31, 40
 0, 31, 41
 0, 31, 43
 0, 31, 45
 0, 31, 46
 0, 31, 48
 0, 33, 2
 0, 33, 16
 0, 33, 18
 0, 33, 22
 0, 33, 23
 0, 33, 25
 0, 33, 26
 0, 33, 46
 0, 33, 48
 0, 34, 2
 0, 34, 16
 0, 34, 18
 0, 34, 22
 0, 34, 26
 0, 34, 46
 0, 35, 26
 0, 35, 40
 0, 35, 43
 0, 35, 45
 0, 35, 48
 0, 36, 2
 0, 36, 16
 0, 36, 18
 0, 36, 22
 0, 36, 23
 0, 36, 25
 0, 36, 46
 0, 38, 2
 0, 38, 16
 0, 38, 18
 0, 38, 23
 0, 38, 24
 0, 38, 25
 0, 38, 26
 0, 38, 29
 0, 38, 30
 0, 38, 31
 0, 38, 43
 0, 38, 45
 0, 40, 2
 0, 40, 16
 0, 40, 22
 0, 40, 23
 0, 40, 24
 0, 40, 25
 0, 40, 31
 0, 40, 35
 0, 40, 41
 0, 40, 43
 0, 40, 48
 0, 41, 2
 0, 41, 16
 0, 41, 22
 0, 41, 23
 0, 41, 24
 0, 41, 30
 0, 41, 31
 0, 41, 40
 0, 41, 46
 0, 41, 48
 0, 43, 2
 0, 43, 16
 0, 43, 22
 0, 43, 23
 0, 43, 24
 0, 43, 25
 0, 43, 30
 0, 43, 31
 0, 43, 35
 0, 43, 38
 0, 43, 40
 0, 45, 2
 0, 45, 16
 0, 45, 18
 0, 45, 23
 0, 45, 24
 0, 45, 25
 0, 45, 29
 0, 45, 31
 0, 45, 35
 0, 45, 38
 0, 45, 46
 0, 45, 48
 0, 46, 2
 0, 46, 16
 0, 46, 18
 0, 46, 22
 0, 46, 23
 0, 46, 25
 0, 46, 31
 0, 46, 33
 0, 46, 34
 0, 46, 36
 0, 46, 41
 0, 46, 45
 0, 48, 2
 0, 48, 16
 0, 48, 18
 0, 48, 22
 0, 48, 23
 0, 48, 24
 0, 48, 25
 0, 48, 26
 0, 48, 29
 0, 48, 30
 0, 48, 31
 0, 48, 33
 0, 48, 35
 0, 48, 40
 0, 48, 41
 0, 48, 45
 1, 31, 38
 1, 31, 40
 1, 31, 41
 1, 31, 43
 1, 31, 45
 1, 31, 48
 1, 31, 49
 1, 32, 38
 1, 32, 40
 1, 32, 43
 1, 32, 45
 1, 32, 48
 1, 38, 31
 1, 38, 32
 1, 38, 43
 1, 38, 45
 1, 40, 31
 1, 40, 32
 1, 40, 41
 1, 40, 43
 1, 40, 48
 1, 40, 49
 1, 41, 31
 1, 41, 40
 1, 41, 48
 1, 41, 49
 1, 43, 31
 1, 43, 32
 1, 43, 38
 1, 43, 40
 1, 43, 49
 1, 45, 31
 1, 45, 32
 1, 45, 38
 1, 45, 48
 1, 45, 49
 1, 48, 31
 1, 48, 32
 1, 48, 40
 1, 48, 41
 1, 48, 45
 1, 49, 31
 1, 49, 40
 1, 49, 41
 1, 49, 43
 1, 49, 45
 2, 16, 23
 2, 16, 24
 2, 16, 25
 2, 16, 26
 2, 16, 29
 2, 16, 33
 2, 16, 34
 2, 16, 36
 2, 16, 38
 2, 16, 40
 2, 16, 41
 2, 16, 43
 2, 16, 45
 2, 16, 46
 2, 16, 48
 2, 18, 23
 2, 18, 24
 2, 18, 25
 2, 18, 26
 2, 18, 29
 2, 18, 33
 2, 18, 34
 2, 18, 36
 2, 18, 38
 2, 18, 44
 2, 18, 45
 2, 18, 46
 2, 18, 47
 2, 18, 48
 2, 23, 16
 2, 23, 18
 2, 23, 24
 2, 23, 25
 2, 23, 26
 2, 23, 29
 2, 23, 33
 2, 23, 36
 2, 23, 38
 2, 23, 40
 2, 23, 41
 2, 23, 43
 2, 23, 45
 2, 23, 46
 2, 23, 47
 2, 23, 48
 2, 24, 16
 2, 24, 18
 2, 24, 23
 2, 24, 26
 2, 24, 38
 2, 24, 40
 2, 24, 41
 2, 24, 43
 2, 24, 45
 2, 24, 48
 2, 25, 16
 2, 25, 18
 2, 25, 23
 2, 25, 26
 2, 25, 29
 2, 25, 33
 2, 25, 36
 2, 25, 38
 2, 25, 40
 2, 25, 43
 2, 25, 45
 2, 25, 46
 2, 25, 47
 2, 25, 48
 2, 26, 16
 2, 26, 18
 2, 26, 23
 2, 26, 24
 2, 26, 25
 2, 26, 30
 2, 26, 33
 2, 26, 34
 2, 26, 38
 2, 26, 48
 2, 29, 16
 2, 29, 18
 2, 29, 23
 2, 29, 25
 2, 29, 38
 2, 29, 45
 2, 29, 48
 2, 30, 26
 2, 30, 38
 2, 30, 41
 2, 30, 43
 2, 30, 48
 2, 33, 16
 2, 33, 18
 2, 33, 23
 2, 33, 25
 2, 33, 26
 2, 33, 46
 2, 33, 48
 2, 34, 16
 2, 34, 18
 2, 34, 26
 2, 34, 46
 2, 34, 47
 2, 36, 16
 2, 36, 18
 2, 36, 23
 2, 36, 25
 2, 36, 44
 2, 36, 46
 2, 36, 47
 2, 38, 16
 2, 38, 18
 2, 38, 23
 2, 38, 24
 2, 38, 25
 2, 38, 26
 2, 38, 29
 2, 38, 30
 2, 38, 43
 2, 38, 45
 2, 40, 16
 2, 40, 23
 2, 40, 24
 2, 40, 25
 2, 40, 41
 2, 40, 43
 2, 40, 48
 2, 41, 16
 2, 41, 23
 2, 41, 24
 2, 41, 30
 2, 41, 40
 2, 41, 46
 2, 41, 47
 2, 41, 48
 2, 43, 16
 2, 43, 23
 2, 43, 24
 2, 43, 25
 2, 43, 30
 2, 43, 38
 2, 43, 40
 2, 44, 18
 2, 44, 36
 2, 44, 46
 2, 45, 16
 2, 45, 18
 2, 45, 23
 2, 45, 24
 2, 45, 25
 2, 45, 29
 2, 45, 38
 2, 45, 46
 2, 45, 47
 2, 45, 48
 2, 46, 16
 2, 46, 18
 2, 46, 23
 2, 46, 25
 2, 46, 33
 2, 46, 34
 2, 46, 36
 2, 46, 41
 2, 46, 44
 2, 46, 45
 2, 46, 47
 2, 47, 18
 2, 47, 23
 2, 47, 25
 2, 47, 34
 2, 47, 36
 2, 47, 41
 2, 47, 45
 2, 47, 46
 2, 48, 16
 2, 48, 18
 2, 48, 23
 2, 48, 24
 2, 48, 25
 2, 48, 26
 2, 48, 29
 2, 48, 30
 2, 48, 33
 2, 48, 40
 2, 48, 41
 2, 48, 45
 3, 4, 18
 3, 4, 19
 3, 4, 26
 3, 4, 34
 3, 4, 36
 3, 6, 24
 3, 6, 25
 3, 6, 26
 3, 6, 31
 3, 6, 34
 3, 6, 35
 3, 6, 36
 3, 6, 40
 3, 6, 48
 3, 7, 18
 3, 7, 19
 3, 7, 24
 3, 7, 25
 3, 7, 26
 3, 7, 31
 3, 7, 34
 3, 17, 18
 3, 17, 25
 3, 17, 34
 3, 17, 36
 3, 17, 48
 3, 18, 4
 3, 18, 7
 3, 18, 17
 3, 18, 24
 3, 18, 25
 3, 18, 26
 3, 18, 34
 3, 18, 36
 3, 18, 48
 3, 19, 4
 3, 19, 7
 3, 19, 20
 3, 19, 25
 3, 19, 26
 3, 19, 31
 3, 19, 34
 3, 19, 36
 3, 19, 48
 3, 20, 19
 3, 20, 26
 3, 20, 31
 3, 20, 48
 3, 24, 6
 3, 24, 7
 3, 24, 18
 3, 24, 26
 3, 24, 40
 3, 24, 48
 3, 25, 6
 3, 25, 7
 3, 25, 17
 3, 25, 18
 3, 25, 19
 3, 25, 26
 3, 25, 31
 3, 25, 36
 3, 25, 40
 3, 25, 48
 3, 26, 4
 3, 26, 6
 3, 26, 7
 3, 26, 18
 3, 26, 19
 3, 26, 20
 3, 26, 24
 3, 26, 25
 3, 26, 31
 3, 26, 34
 3, 26, 35
 3, 26, 48
 3, 31, 6
 3, 31, 7
 3, 31, 19
 3, 31, 20
 3, 31, 25
 3, 31, 26
 3, 31, 40
 3, 31, 48
 3, 34, 4
 3, 34, 6
 3, 34, 7
 3, 34, 17
 3, 34, 18
 3, 34, 19
 3, 34, 26
 3, 35, 6
 3, 35, 26
 3, 35, 40
 3, 35, 48
 3, 36, 4
 3, 36, 6
 3, 36, 17
 3, 36, 18
 3, 36, 19
 3, 36, 25
 3, 40, 6
 3, 40, 24
 3, 40, 25
 3, 40, 31
 3, 40, 35
 3, 40, 48
 3, 48, 6
 3, 48, 17
 3, 48, 18
 3, 48, 19
 3, 48, 20
 3, 48, 24
 3, 48, 25
 3, 48, 26
 3, 48, 31
 3, 48, 35
 3, 48, 40
 4, 16, 23
 4, 16, 26
 4, 16, 29
 4, 16, 34
 4, 16, 36
 4, 16, 43
 4, 18, 23
 4, 18, 26
 4, 18, 29
 4, 18, 34
 4, 18, 36
 4, 19, 23
 4, 19, 26
 4, 19, 29
 4, 19, 34
 4, 19, 36
 4, 19, 37
 4, 23, 16
 4, 23, 18
 4, 23, 19
 4, 23, 26
 4, 23, 29
 4, 23, 36
 4, 23, 43
 4, 26, 16
 4, 26, 18
 4, 26, 19
 4, 26, 23
 4, 26, 27
 4, 26, 34
 4, 27, 26
 4, 27, 43
 4, 29, 16
 4, 29, 18
 4, 29, 19
 4, 29, 23
 4, 34, 16
 4, 34, 18
 4, 34, 19
 4, 34, 26
 4, 36, 16
 4, 36, 18
 4, 36, 19
 4, 36, 23
 4, 37, 19
 4, 43, 16
 4, 43, 23
 4, 43, 27
 5, 15, 31
 5, 15, 34
 5, 15, 36
 5, 15, 37
 5, 15, 45
 5, 15, 48
 5, 16, 25
 5, 16, 26
 5, 16, 29
 5, 16, 34
 5, 16, 36
 5, 16, 45
 5, 16, 48
 5, 18, 25
 5, 18, 26
 5, 18, 29
 5, 18, 34
 5, 18, 36
 5, 18, 45
 5, 18, 48
 5, 19, 20
 5, 19, 25
 5, 19, 26
 5, 19, 29
 5, 19, 31
 5, 19, 34
 5, 19, 36
 5, 19, 37
 5, 19, 45
 5, 19, 48
 5, 20, 19
 5, 20, 26
 5, 20, 29
 5, 20, 31
 5, 20, 45
 5, 20, 48
 5, 25, 16
 5, 25, 18
 5, 25, 19
 5, 25, 26
 5, 25, 29
 5, 25, 31
 5, 25, 36
 5, 25, 45
 5, 25, 48
 5, 26, 16
 5, 26, 18
 5, 26, 19
 5, 26, 20
 5, 26, 25
 5, 26, 31
 5, 26, 34
 5, 26, 48
 5, 29, 16
 5, 29, 18
 5, 29, 19
 5, 29, 20
 5, 29, 25
 5, 29, 45
 5, 29, 48
 5, 31, 15
 5, 31, 19
 5, 31, 20
 5, 31, 25
 5, 31, 26
 5, 31, 45
 5, 31, 48
 5, 34, 15
 5, 34, 16
 5, 34, 18
 5, 34, 19
 5, 34, 26
 5, 36, 15
 5, 36, 16
 5, 36, 18
 5, 36, 19
 5, 36, 25
 5, 37, 15
 5, 37, 19
 5, 45, 15
 5, 45, 16
 5, 45, 18
 5, 45, 19
 5, 45, 20
 5, 45, 25
 5, 45, 29
 5, 45, 31
 5, 45, 48
 5, 48, 15
 5, 48, 16
 5, 48, 18
 5, 48, 19
 5, 48, 20
 5, 48, 25
 5, 48, 26
 5, 48, 29
 5, 48, 31
 5, 48, 45
 6, 16, 24
 6, 16, 25
 6, 16, 26
 6, 16, 29
 6, 16, 33
 6, 16, 34
 6, 16, 36
 6, 16, 38
 6, 16, 40
 6, 16, 41
 6, 16, 43
 6, 16, 45
 6, 16, 48
 6, 21, 38
 6, 21, 43
 6, 21, 45
 6, 24, 16
 6, 24, 26
 6, 24, 38
 6, 24, 40
 6, 24, 41
 6, 24, 43
 6, 24, 45
 6, 24, 48
 6, 25, 16
 6, 25, 26
 6, 25, 29
 6, 25, 31
 6, 25, 33
 6, 25, 36
 6, 25, 38
 6, 25, 40
 6, 25, 43
 6, 25, 45
 6, 25, 48
 6, 26, 16
 6, 26, 24
 6, 26, 25
 6, 26, 30
 6, 26, 31
 6, 26, 33
 6, 26, 34
 6, 26, 35
 6, 26, 38
 6, 26, 48
 6, 29, 16
 6, 29, 25
 6, 29, 38
 6, 29, 45
 6, 29, 48
 6, 30, 26
 6, 30, 38
 6, 30, 41
 6, 30, 43
 6, 30, 48
 6, 31, 25
 6, 31, 26
 6, 31, 38
 6, 31, 40
 6, 31, 41
 6, 31, 43
 6, 31, 45
 6, 31, 48
 6, 32, 38
 6, 32, 40
 6, 32, 43
 6, 32, 45
 6, 32, 48
 6, 33, 16
 6, 33, 25
 6, 33, 26
 6, 33, 48
 6, 34, 16
 6, 34, 26
 6, 35, 26
 6, 35, 40
 6, 35, 43
 6, 35, 45
 6, 35, 48
 6, 36, 16
 6, 36, 25
 6, 38, 16
 6, 38, 21
 6, 38, 24
 6, 38, 25
 6, 38, 26
 6, 38, 29
 6, 38, 30
 6, 38, 31
 6, 38, 32
 6, 38, 43
 6, 38, 45
 6, 40, 16
 6, 40, 24
 6, 40, 25
 6, 40, 31
 6, 40, 32
 6, 40, 35
 6, 40, 41
 6, 40, 43
 6, 40, 48
 6, 41, 16
 6, 41, 24
 6, 41, 30
 6, 41, 31
 6, 41, 40
 6, 41, 48
 6, 43, 16
 6, 43, 21
 6, 43, 24
 6, 43, 25
 6, 43, 30
 6, 43, 31
 6, 43, 32
 6, 43, 35
 6, 43, 38
 6, 43, 40
 6, 45, 16
 6, 45, 21
 6, 45, 24
 6, 45, 25
 6, 45, 29
 6, 45, 31
 6, 45, 32
 6, 45, 35
 6, 45, 38
 6, 45, 48
 6, 48, 16
 6, 48, 24
 6, 48, 25
 6, 48, 26
 6, 48, 29
 6, 48, 30
 6, 48, 31
 6, 48, 32
 6, 48, 33
 6, 48, 35
 6, 48, 40
 6, 48, 41
 6, 48, 45
 7, 11, 18
 7, 11, 22
 7, 11, 23
 7, 11, 24
 7, 11, 25
 7, 11, 26
 7, 11, 29
 7, 11, 31
 7, 11, 34
 7, 14, 16
 7, 14, 22
 7, 14, 23
 7, 14, 25
 7, 14, 26
 7, 14, 29
 7, 14, 31
 7, 14, 33
 7, 14, 34
 7, 15, 31
 7, 15, 34
 7, 16, 14
 7, 16, 23
 7, 16, 24
 7, 16, 25
 7, 16, 26
 7, 16, 29
 7, 16, 33
 7, 16, 34
 7, 18, 11
 7, 18, 23
 7, 18, 24
 7, 18, 25
 7, 18, 26
 7, 18, 29
 7, 18, 33
 7, 18, 34
 7, 19, 23
 7, 19, 25
 7, 19, 26
 7, 19, 29
 7, 19, 31
 7, 19, 33
 7, 19, 34
 7, 22, 11
 7, 22, 14
 7, 22, 33
 7, 22, 34
 7, 23, 11
 7, 23, 14
 7, 23, 16
 7, 23, 18
 7, 23, 19
 7, 23, 24
 7, 23, 25
 7, 23, 26
 7, 23, 29
 7, 23, 31
 7, 23, 33
 7, 24, 11
 7, 24, 16
 7, 24, 18
 7, 24, 23
 7, 24, 26
 7, 25, 11
 7, 25, 14
 7, 25, 16
 7, 25, 18
 7, 25, 19
 7, 25, 23
 7, 25, 26
 7, 25, 29
 7, 25, 31
 7, 25, 33
 7, 26, 11
 7, 26, 14
 7, 26, 16
 7, 26, 18
 7, 26, 19
 7, 26, 23
 7, 26, 24
 7, 26, 25
 7, 26, 31
 7, 26, 33
 7, 26, 34
 7, 29, 11
 7, 29, 14
 7, 29, 16
 7, 29, 18
 7, 29, 19
 7, 29, 23
 7, 29, 25
 7, 31, 11
 7, 31, 14
 7, 31, 15
 7, 31, 19
 7, 31, 23
 7, 31, 25
 7, 31, 26
 7, 33, 14
 7, 33, 16
 7, 33, 18
 7, 33, 19
 7, 33, 22
 7, 33, 23
 7, 33, 25
 7, 33, 26
 7, 34, 11
 7, 34, 14
 7, 34, 15
 7, 34, 16
 7, 34, 18
 7, 34, 19
 7, 34, 22
 7, 34, 26
 8, 38, 43
 8, 41, 48
 8, 43, 38
 8, 48, 41
 9, 31, 38
 9, 31, 43
 9, 31, 45
 9, 31, 48
 9, 38, 31
 9, 38, 43
 9, 38, 45
 9, 43, 31
 9, 43, 38
 9, 45, 31
 9, 45, 38
 9, 45, 48
 9, 48, 31
 9, 48, 45
 10, 14, 16
 10, 14, 26
 10, 14, 31
 10, 14, 33
 10, 14, 37
 10, 14, 45
 10, 15, 31
 10, 15, 37
 10, 15, 41
 10, 15, 45
 10, 16, 14
 10, 16, 26
 10, 16, 33
 10, 16, 40
 10, 16, 41
 10, 16, 45
 10, 19, 26
 10, 19, 31
 10, 19, 33
 10, 19, 37
 10, 19, 45
 10, 26, 14
 10, 26, 16
 10, 26, 19
 10, 26, 31
 10, 26, 33
 10, 31, 14
 10, 31, 15
 10, 31, 19
 10, 31, 26
 10, 31, 40
 10, 31, 41
 10, 31, 45
 10, 33, 14
 10, 33, 16
 10, 33, 19
 10, 33, 26
 10, 37, 14
 10, 37, 15
 10, 37, 19
 10, 40, 16
 10, 40, 31
 10, 40, 41
 10, 41, 15
 10, 41, 16
 10, 41, 31
 10, 41, 40
 10, 45, 14
 10, 45, 15
 10, 45, 16
 10, 45, 19
 10, 45, 31
 11, 18, 23
 11, 18, 24
 11, 18, 25
 11, 18, 26
 11, 18, 29
 11, 18, 34
 11, 18, 38
 11, 22, 34
 11, 23, 18
 11, 23, 24
 11, 23, 25
 11, 23, 26
 11, 23, 29
 11, 23, 31
 11, 23, 38
 11, 24, 18
 11, 24, 23
 11, 24, 26
 11, 24, 38
 11, 25, 18
 11, 25, 23
 11, 25, 26
 11, 25, 29
 11, 25, 31
 11, 25, 38
 11, 26, 18
 11, 26, 23
 11, 26, 24
 11, 26, 25
 11, 26, 31
 11, 26, 34
 11, 26, 38
 11, 29, 18
 11, 29, 23
 11, 29, 25
 11, 29, 38
 11, 31, 23
 11, 31, 25
 11, 31, 26
 11, 31, 38
 11, 34, 18
 11, 34, 22
 11, 34, 26
 11, 38, 18
 11, 38, 23
 11, 38, 24
 11, 38, 25
 11, 38, 26
 11, 38, 29
 11, 38, 31
 12, 40, 43
 12, 40, 48
 12, 43, 40
 12, 45, 48
 12, 48, 40
 12, 48, 45
 13, 16, 24
 13, 16, 25
 13, 16, 26
 13, 16, 29
 13, 16, 33
 13, 16, 34
 13, 16, 36
 13, 16, 38
 13, 16, 40
 13, 16, 43
 13, 16, 45
 13, 16, 46
 13, 16, 48
 13, 18, 24
 13, 18, 25
 13, 18, 26
 13, 18, 29
 13, 18, 33
 13, 18, 34
 13, 18, 36
 13, 18, 38
 13, 18, 45
 13, 18, 46
 13, 18, 48
 13, 21, 38
 13, 21, 43
 13, 21, 45
 13, 24, 16
 13, 24, 18
 13, 24, 26
 13, 24, 38
 13, 24, 40
 13, 24, 43
 13, 24, 45
 13, 24, 48
 13, 25, 16
 13, 25, 18
 13, 25, 26
 13, 25, 29
 13, 25, 31
 13, 25, 33
 13, 25, 36
 13, 25, 38
 13, 25, 40
 13, 25, 43
 13, 25, 45
 13, 25, 46
 13, 25, 48
 13, 26, 16
 13, 26, 18
 13, 26, 24
 13, 26, 25
 13, 26, 31
 13, 26, 33
 13, 26, 34
 13, 26, 38
 13, 26, 48
 13, 29, 16
 13, 29, 18
 13, 29, 25
 13, 29, 38
 13, 29, 45
 13, 29, 48
 13, 31, 25
 13, 31, 26
 13, 31, 38
 13, 31, 40
 13, 31, 43
 13, 31, 45
 13, 31, 46
 13, 31, 48
 13, 33, 16
 13, 33, 18
 13, 33, 25
 13, 33, 26
 13, 33, 46
 13, 33, 48
 13, 34, 16
 13, 34, 18
 13, 34, 26
 13, 34, 46
 13, 36, 16
 13, 36, 18
 13, 36, 25
 13, 36, 46
 13, 37, 46
 13, 38, 16
 13, 38, 18
 13, 38, 21
 13, 38, 24
 13, 38, 25
 13, 38, 26
 13, 38, 29
 13, 38, 31
 13, 38, 43
 13, 38, 45
 13, 40, 16
 13, 40, 24
 13, 40, 25
 13, 40, 31
 13, 40, 43
 13, 40, 48
 13, 43, 16
 13, 43, 21
 13, 43, 24
 13, 43, 25
 13, 43, 31
 13, 43, 38
 13, 43, 40
 13, 45, 16
 13, 45, 18
 13, 45, 21
 13, 45, 24
 13, 45, 25
 13, 45, 29
 13, 45, 31
 13, 45, 38
 13, 45, 46
 13, 45, 48
 13, 46, 16
 13, 46, 18
 13, 46, 25
 13, 46, 31
 13, 46, 33
 13, 46, 34
 13, 46, 36
 13, 46, 37
 13, 46, 45
 13, 48, 16
 13, 48, 18
 13, 48, 24
 13, 48, 25
 13, 48, 26
 13, 48, 29
 13, 48, 31
 13, 48, 33
 13, 48, 40
 13, 48, 45
 14, 16, 23
 14, 16, 25
 14, 16, 26
 14, 16, 29
 14, 16, 33
 14, 16, 34
 14, 16, 36
 14, 16, 38
 14, 16, 45
 14, 22, 33
 14, 22, 34
 14, 22, 36
 14, 22, 37
 14, 23, 16
 14, 23, 25
 14, 23, 26
 14, 23, 29
 14, 23, 31
 14, 23, 33
 14, 23, 36
 14, 23, 38
 14, 23, 45
 14, 25, 16
 14, 25, 23
 14, 25, 26
 14, 25, 29
 14, 25, 31
 14, 25, 33
 14, 25, 36
 14, 25, 38
 14, 25, 45
 14, 26, 16
 14, 26, 23
 14, 26, 25
 14, 26, 31
 14, 26, 33
 14, 26, 34
 14, 26, 38
 14, 29, 16
 14, 29, 23
 14, 29, 25
 14, 29, 38
 14, 29, 45
 14, 31, 23
 14, 31, 25
 14, 31, 26
 14, 31, 38
 14, 31, 45
 14, 33, 16
 14, 33, 22
 14, 33, 23
 14, 33, 25
 14, 33, 26
 14, 34, 16
 14, 34, 22
 14, 34, 26
 14, 36, 16
 14, 36, 22
 14, 36, 23
 14, 36, 25
 14, 37, 22
 14, 38, 16
 14, 38, 23
 14, 38, 25
 14, 38, 26
 14, 38, 29
 14, 38, 31
 14, 38, 45
 14, 45, 16
 14, 45, 23
 14, 45, 25
 14, 45, 29
 14, 45, 31
 14, 45, 38
 15, 31, 38
 15, 31, 41
 15, 31, 43
 15, 31, 45
 15, 31, 46
 15, 31, 47
 15, 31, 48
 15, 34, 46
 15, 34, 47
 15, 36, 46
 15, 36, 47
 15, 37, 46
 15, 37, 47
 15, 38, 31
 15, 38, 43
 15, 38, 45
 15, 41, 31
 15, 41, 46
 15, 41, 47
 15, 41, 48
 15, 43, 31
 15, 43, 38
 15, 45, 31
 15, 45, 38
 15, 45, 46
 15, 45, 47
 15, 45, 48
 15, 46, 31
 15, 46, 34
 15, 46, 36
 15, 46, 37
 15, 46, 41
 15, 46, 45
 15, 46, 47
 15, 47, 31
 15, 47, 34
 15, 47, 36
 15, 47, 37
 15, 47, 41
 15, 47, 45
 15, 47, 46
 15, 48, 31
 15, 48, 41
 15, 48, 45
 16, 23, 24
 16, 23, 25
 16, 23, 26
 16, 23, 29
 16, 23, 33
 16, 23, 36
 16, 23, 38
 16, 23, 40
 16, 23, 41
 16, 23, 43
 16, 23, 45
 16, 23, 46
 16, 23, 48
 16, 24, 23
 16, 24, 26
 16, 24, 38
 16, 24, 40
 16, 24, 41
 16, 24, 43
 16, 24, 45
 16, 24, 48
 16, 25, 23
 16, 25, 26
 16, 25, 29
 16, 25, 33
 16, 25, 36
 16, 25, 38
 16, 25, 40
 16, 25, 43
 16, 25, 45
 16, 25, 46
 16, 25, 48
 16, 26, 23
 16, 26, 24
 16, 26, 25
 16, 26, 33
 16, 26, 34
 16, 26, 38
 16, 26, 48
 16, 26, 49
 16, 29, 23
 16, 29, 25
 16, 29, 38
 16, 29, 45
 16, 29, 48
 16, 33, 23
 16, 33, 25
 16, 33, 26
 16, 33, 46
 16, 33, 48
 16, 34, 26
 16, 34, 46
 16, 36, 23
 16, 36, 25
 16, 36, 46
 16, 38, 23
 16, 38, 24
 16, 38, 25
 16, 38, 26
 16, 38, 29
 16, 38, 43
 16, 38, 45
 16, 40, 23
 16, 40, 24
 16, 40, 25
 16, 40, 41
 16, 40, 43
 16, 40, 48
 16, 40, 49
 16, 41, 23
 16, 41, 24
 16, 41, 40
 16, 41, 46
 16, 41, 48
 16, 41, 49
 16, 43, 23
 16, 43, 24
 16, 43, 25
 16, 43, 38
 16, 43, 40
 16, 43, 49
 16, 45, 23
 16, 45, 24
 16, 45, 25
 16, 45, 29
 16, 45, 38
 16, 45, 46
 16, 45, 48
 16, 45, 49
 16, 46, 23
 16, 46, 25
 16, 46, 33
 16, 46, 34
 16, 46, 36
 16, 46, 41
 16, 46, 45
 16, 46, 49
 16, 48, 23
 16, 48, 24
 16, 48, 25
 16, 48, 26
 16, 48, 29
 16, 48, 33
 16, 48, 40
 16, 48, 41
 16, 48, 45
 16, 49, 26
 16, 49, 40
 16, 49, 41
 16, 49, 43
 16, 49, 45
 16, 49, 46
 17, 18, 23
 17, 18, 25
 17, 18, 33
 17, 18, 34
 17, 18, 36
 17, 18, 38
 17, 18, 46
 17, 18, 48
 17, 23, 18
 17, 23, 25
 17, 23, 33
 17, 23, 36
 17, 23, 38
 17, 23, 46
 17, 23, 48
 17, 25, 18
 17, 25, 23
 17, 25, 33
 17, 25, 36
 17, 25, 38
 17, 25, 46
 17, 25, 48
 17, 33, 18
 17, 33, 23
 17, 33, 25
 17, 33, 46
 17, 33, 48
 17, 34, 18
 17, 34, 46
 17, 36, 18
 17, 36, 23
 17, 36, 25
 17, 36, 46
 17, 37, 46
 17, 38, 18
 17, 38, 23
 17, 38, 25
 17, 46, 18
 17, 46, 23
 17, 46, 25
 17, 46, 33
 17, 46, 34
 17, 46, 36
 17, 46, 37
 17, 48, 18
 17, 48, 23
 17, 48, 25
 17, 48, 33
 18, 23, 24
 18, 23, 25
 18, 23, 26
 18, 23, 29
 18, 23, 33
 18, 23, 36
 18, 23, 38
 18, 23, 45
 18, 23, 46
 18, 23, 47
 18, 23, 48
 18, 24, 23
 18, 24, 26
 18, 24, 38
 18, 24, 45
 18, 24, 48
 18, 25, 23
 18, 25, 26
 18, 25, 29
 18, 25, 33
 18, 25, 36
 18, 25, 38
 18, 25, 45
 18, 25, 46
 18, 25, 47
 18, 25, 48
 18, 26, 23
 18, 26, 24
 18, 26, 25
 18, 26, 33
 18, 26, 34
 18, 26, 38
 18, 26, 48
 18, 29, 23
 18, 29, 25
 18, 29, 38
 18, 29, 45
 18, 29, 48
 18, 33, 23
 18, 33, 25
 18, 33, 26
 18, 33, 46
 18, 33, 48
 18, 34, 26
 18, 34, 46
 18, 34, 47
 18, 36, 23
 18, 36, 25
 18, 36, 44
 18, 36, 46
 18, 36, 47
 18, 38, 23
 18, 38, 24
 18, 38, 25
 18, 38, 26
 18, 38, 29
 18, 38, 45
 18, 44, 36
 18, 44, 46
 18, 45, 23
 18, 45, 24
 18, 45, 25
 18, 45, 29
 18, 45, 38
 18, 45, 46
 18, 45, 47
 18, 45, 48
 18, 46, 23
 18, 46, 25
 18, 46, 33
 18, 46, 34
 18, 46, 36
 18, 46, 44
 18, 46, 45
 18, 46, 47
 18, 47, 23
 18, 47, 25
 18, 47, 34
 18, 47, 36
 18, 47, 45
 18, 47, 46
 18, 48, 23
 18, 48, 24
 18, 48, 25
 18, 48, 26
 18, 48, 29
 18, 48, 33
 18, 48, 45
 19, 20, 23
 19, 20, 26
 19, 20, 29
 19, 20, 31
 19, 20, 45
 19, 20, 48
 19, 23, 20
 19, 23, 25
 19, 23, 26
 19, 23, 29
 19, 23, 31
 19, 23, 33
 19, 23, 36
 19, 23, 45
 19, 23, 46
 19, 23, 47
 19, 23, 48
 19, 25, 23
 19, 25, 26
 19, 25, 29
 19, 25, 31
 19, 25, 33
 19, 25, 36
 19, 25, 45
 19, 25, 46
 19, 25, 47
 19, 25, 48
 19, 26, 20
 19, 26, 23
 19, 26, 25
 19, 26, 31
 19, 26, 33
 19, 26, 34
 19, 26, 48
 19, 29, 20
 19, 29, 23
 19, 29, 25
 19, 29, 45
 19, 29, 48
 19, 31, 20
 19, 31, 23
 19, 31, 25
 19, 31, 26
 19, 31, 44
 19, 31, 45
 19, 31, 46
 19, 31, 47
 19, 31, 48
 19, 33, 23
 19, 33, 25
 19, 33, 26
 19, 33, 46
 19, 33, 48
 19, 34, 26
 19, 34, 46
 19, 34, 47
 19, 36, 23
 19, 36, 25
 19, 36, 44
 19, 36, 46
 19, 36, 47
 19, 37, 46
 19, 37, 47
 19, 44, 31
 19, 44, 36
 19, 44, 46
 19, 45, 20
 19, 45, 23
 19, 45, 25
 19, 45, 29
 19, 45, 31
 19, 45, 46
 19, 45, 47
 19, 45, 48
 19, 46, 23
 19, 46, 25
 19, 46, 31
 19, 46, 33
 19, 46, 34
 19, 46, 36
 19, 46, 37
 19, 46, 44
 19, 46, 45
 19, 46, 47
 19, 47, 23
 19, 47, 25
 19, 47, 31
 19, 47, 34
 19, 47, 36
 19, 47, 37
 19, 47, 45
 19, 47, 46
 19, 48, 20
 19, 48, 23
 19, 48, 25
 19, 48, 26
 19, 48, 29
 19, 48, 31
 19, 48, 33
 19, 48, 45
 20, 23, 26
 20, 23, 29
 20, 23, 31
 20, 23, 38
 20, 23, 43
 20, 23, 45
 20, 23, 48
 20, 26, 23
 20, 26, 31
 20, 26, 38
 20, 26, 48
 20, 29, 23
 20, 29, 38
 20, 29, 45
 20, 29, 48
 20, 31, 23
 20, 31, 26
 20, 31, 38
 20, 31, 43
 20, 31, 45
 20, 31, 48
 20, 38, 23
 20, 38, 26
 20, 38, 29
 20, 38, 31
 20, 38, 43
 20, 38, 45
 20, 43, 23
 20, 43, 31
 20, 43, 38
 20, 45, 23
 20, 45, 29
 20, 45, 31
 20, 45, 38
 20, 45, 48
 20, 48, 23
 20, 48, 26
 20, 48, 29
 20, 48, 31
 20, 48, 45
 21, 38, 43
 21, 38, 45
 21, 43, 38
 21, 45, 38
 22, 33, 46
 22, 33, 48
 22, 34, 46
 22, 34, 47
 22, 36, 46
 22, 36, 47
 22, 37, 46
 22, 37, 47
 22, 40, 41
 22, 40, 43
 22, 40, 48
 22, 41, 40
 22, 41, 46
 22, 41, 47
 22, 41, 48
 22, 43, 40
 22, 46, 33
 22, 46, 34
 22, 46, 36
 22, 46, 37
 22, 46, 41
 22, 46, 47
 22, 47, 34
 22, 47, 36
 22, 47, 37
 22, 47, 41
 22, 47, 46
 22, 48, 33
 22, 48, 40
 22, 48, 41
 23, 24, 26
 23, 24, 38
 23, 24, 40
 23, 24, 41
 23, 24, 43
 23, 24, 45
 23, 24, 48
 23, 25, 26
 23, 25, 29
 23, 25, 31
 23, 25, 33
 23, 25, 36
 23, 25, 38
 23, 25, 40
 23, 25, 43
 23, 25, 45
 23, 25, 46
 23, 25, 47
 23, 25, 48
 23, 26, 24
 23, 26, 25
 23, 26, 31
 23, 26, 33
 23, 26, 38
 23, 26, 48
 23, 29, 25
 23, 29, 38
 23, 29, 45
 23, 29, 48
 23, 31, 25
 23, 31, 26
 23, 31, 38
 23, 31, 40
 23, 31, 41
 23, 31, 43
 23, 31, 45
 23, 31, 46
 23, 31, 47
 23, 31, 48
 23, 32, 38
 23, 32, 40
 23, 32, 43
 23, 32, 45
 23, 32, 48
 23, 33, 25
 23, 33, 26
 23, 33, 46
 23, 33, 48
 23, 36, 25
 23, 36, 46
 23, 36, 47
 23, 38, 24
 23, 38, 25
 23, 38, 26
 23, 38, 29
 23, 38, 31
 23, 38, 32
 23, 38, 43
 23, 38, 45
 23, 40, 24
 23, 40, 25
 23, 40, 31
 23, 40, 32
 23, 40, 41
 23, 40, 43
 23, 40, 48
 23, 41, 24
 23, 41, 31
 23, 41, 40
 23, 41, 46
 23, 41, 47
 23, 41, 48
 23, 43, 24
 23, 43, 25
 23, 43, 31
 23, 43, 32
 23, 43, 38
 23, 43, 40
 23, 45, 24
 23, 45, 25
 23, 45, 29
 23, 45, 31
 23, 45, 32
 23, 45, 38
 23, 45, 46
 23, 45, 47
 23, 45, 48
 23, 46, 25
 23, 46, 31
 23, 46, 33
 23, 46, 36
 23, 46, 41
 23, 46, 45
 23, 46, 47
 23, 47, 25
 23, 47, 31
 23, 47, 36
 23, 47, 41
 23, 47, 45
 23, 47, 46
 23, 48, 24
 23, 48, 25
 23, 48, 26
 23, 48, 29
 23, 48, 31
 23, 48, 32
 23, 48, 33
 23, 48, 40
 23, 48, 41
 23, 48, 45
 24, 26, 38
 24, 26, 48
 24, 38, 26
 24, 38, 43
 24, 38, 45
 24, 40, 41
 24, 40, 43
 24, 40, 48
 24, 41, 40
 24, 41, 48
 24, 43, 38
 24, 43, 40
 24, 45, 38
 24, 45, 48
 24, 48, 26
 24, 48, 40
 24, 48, 41
 24, 48, 45
 25, 26, 31
 25, 26, 33
 25, 26, 38
 25, 26, 48
 25, 29, 38
 25, 29, 45
 25, 29, 48
 25, 31, 26
 25, 31, 38
 25, 31, 40
 25, 31, 43
 25, 31, 45
 25, 31, 46
 25, 31, 47
 25, 31, 48
 25, 33, 26
 25, 33, 46
 25, 33, 48
 25, 36, 46
 25, 36, 47
 25, 38, 26
 25, 38, 29
 25, 38, 31
 25, 38, 43
 25, 38, 45
 25, 40, 31
 25, 40, 43
 25, 40, 48
 25, 43, 31
 25, 43, 38
 25, 43, 40
 25, 45, 29
 25, 45, 31
 25, 45, 38
 25, 45, 46
 25, 45, 47
 25, 45, 48
 25, 46, 31
 25, 46, 33
 25, 46, 36
 25, 46, 45
 25, 46, 47
 25, 47, 31
 25, 47, 36
 25, 47, 45
 25, 47, 46
 25, 48, 26
 25, 48, 29
 25, 48, 31
 25, 48, 33
 25, 48, 40
 25, 48, 45
 26, 27, 38
 26, 27, 48
 26, 28, 31
 26, 28, 38
 26, 28, 48
 26, 30, 38
 26, 30, 48
 26, 31, 28
 26, 31, 38
 26, 31, 48
 26, 31, 49
 26, 33, 48
 26, 35, 48
 26, 38, 27
 26, 38, 28
 26, 38, 30
 26, 38, 31
 26, 48, 27
 26, 48, 28
 26, 48, 30
 26, 48, 31
 26, 48, 33
 26, 48, 35
 26, 49, 31
 27, 38, 43
 27, 38, 45
 27, 43, 38
 27, 45, 38
 27, 45, 48
 27, 48, 45
 28, 31, 38
 28, 31, 40
 28, 31, 43
 28, 31, 45
 28, 31, 48
 28, 38, 31
 28, 38, 43
 28, 38, 45
 28, 40, 31
 28, 40, 43
 28, 40, 48
 28, 43, 31
 28, 43, 38
 28, 43, 40
 28, 45, 31
 28, 45, 38
 28, 45, 48
 28, 48, 31
 28, 48, 40
 28, 48, 45
 29, 38, 45
 29, 45, 38
 29, 45, 48
 29, 48, 45
 30, 38, 43
 30, 41, 48
 30, 43, 38
 30, 48, 41
 31, 38, 43
 31, 38, 45
 31, 40, 41
 31, 40, 43
 31, 40, 48
 31, 40, 49
 31, 41, 40
 31, 41, 46
 31, 41, 47
 31, 41, 48
 31, 41, 49
 31, 43, 38
 31, 43, 40
 31, 43, 49
 31, 44, 46
 31, 45, 38
 31, 45, 46
 31, 45, 47
 31, 45, 48
 31, 45, 49
 31, 46, 41
 31, 46, 44
 31, 46, 45
 31, 46, 47
 31, 46, 49
 31, 47, 41
 31, 47, 45
 31, 47, 46
 31, 47, 49
 31, 48, 40
 31, 48, 41
 31, 48, 45
 31, 49, 40
 31, 49, 41
 31, 49, 43
 31, 49, 45
 31, 49, 46
 31, 49, 47
 32, 38, 43
 32, 38, 45
 32, 40, 43
 32, 40, 48
 32, 43, 38
 32, 43, 40
 32, 45, 38
 32, 45, 48
 32, 48, 40
 32, 48, 45
 34, 46, 47
 34, 47, 46
 35, 40, 43
 35, 40, 48
 35, 43, 40
 35, 45, 48
 35, 48, 40
 35, 48, 45
 36, 44, 46
 36, 46, 44
 36, 46, 47
 36, 47, 46
 37, 46, 47
 37, 47, 46
 40, 41, 48
 40, 41, 49
 40, 43, 49
 40, 48, 41
 40, 49, 41
 40, 49, 43
 41, 46, 47
 41, 46, 49
 41, 47, 46
 41, 47, 49
 41, 49, 46
 41, 49, 47
 45, 46, 47
 45, 46, 49
 45, 47, 46
 45, 47, 49
 45, 49, 46
 45, 49, 47
 46, 47, 49
 46, 49, 47
