0, 18, 19
 0, 18, 23
 0, 18, 25
 0, 18, 27
 0, 18, 31
 0, 19, 18
 0, 19, 20
 0, 19, 23
 0, 19, 25
 0, 19, 27
 0, 19, 31
 0, 20, 19
 0, 20, 23
 0, 20, 31
 0, 23, 18
 0, 23, 19
 0, 23, 20
 0, 23, 31
 0, 25, 18
 0, 25, 19
 0, 25, 31
 0, 27, 18
 0, 27, 19
 0, 27, 31
 0, 31, 18
 0, 31, 19
 0, 31, 20
 0, 31, 23
 0, 31, 25
 0, 31, 27
 1, 2, 4
 1, 2, 6
 1, 2, 7
 1, 2, 9
 1, 2, 13
 1, 2, 14
 1, 2, 16
 1, 2, 19
 1, 2, 20
 1, 2, 21
 1, 2, 23
 1, 2, 24
 1, 2, 25
 1, 2, 26
 1, 2, 27
 1, 2, 28
 1, 2, 30
 1, 4, 2
 1, 4, 5
 1, 4, 6
 1, 4, 7
 1, 4, 8
 1, 4, 9
 1, 4, 10
 1, 4, 11
 1, 4, 12
 1, 4, 13
 1, 4, 14
 1, 4, 16
 1, 4, 19
 1, 4, 20
 1, 4, 21
 1, 4, 23
 1, 4, 24
 1, 4, 25
 1, 4, 26
 1, 4, 28
 1, 4, 29
 1, 4, 30
 1, 4, 31
 1, 5, 4
 1, 5, 7
 1, 5, 8
 1, 5, 9
 1, 5, 10
 1, 5, 11
 1, 5, 12
 1, 5, 13
 1, 5, 14
 1, 5, 16
 1, 5, 18
 1, 5, 19
 1, 5, 20
 1, 5, 21
 1, 5, 23
 1, 5, 24
 1, 5, 25
 1, 5, 26
 1, 5, 27
 1, 5, 28
 1, 5, 29
 1, 5, 30
 1, 5, 31
 1, 6, 2
 1, 6, 4
 1, 6, 7
 1, 6, 9
 1, 6, 11
 1, 6, 13
 1, 6, 14
 1, 6, 16
 1, 6, 19
 1, 6, 20
 1, 6, 23
 1, 6, 24
 1, 6, 25
 1, 6, 26
 1, 6, 29
 1, 6, 30
 1, 6, 31
 1, 7, 2
 1, 7, 4
 1, 7, 5
 1, 7, 6
 1, 7, 8
 1, 7, 9
 1, 7, 10
 1, 7, 11
 1, 7, 13
 1, 7, 14
 1, 7, 16
 1, 7, 18
 1, 7, 19
 1, 7, 20
 1, 7, 23
 1, 7, 24
 1, 7, 25
 1, 7, 26
 1, 7, 27
 1, 7, 28
 1, 7, 29
 1, 7, 30
 1, 7, 31
 1, 8, 4
 1, 8, 5
 1, 8, 7
 1, 8, 9
 1, 8, 10
 1, 8, 11
 1, 8, 12
 1, 8, 13
 1, 8, 14
 1, 8, 16
 1, 8, 19
 1, 8, 21
 1, 8, 23
 1, 8, 24
 1, 8, 25
 1, 8, 26
 1, 8, 28
 1, 8, 29
 1, 8, 30
 1, 8, 31
 1, 9, 2
 1, 9, 4
 1, 9, 5
 1, 9, 6
 1, 9, 7
 1, 9, 8
 1, 9, 11
 1, 9, 13
 1, 9, 18
 1, 9, 19
 1, 9, 20
 1, 9, 21
 1, 9, 23
 1, 9, 24
 1, 9, 25
 1, 9, 26
 1, 9, 27
 1, 9, 28
 1, 9, 29
 1, 9, 30
 1, 9, 31
 1, 10, 4
 1, 10, 5
 1, 10, 7
 1, 10, 8
 1, 10, 12
 1, 10, 13
 1, 10, 16
 1, 10, 24
 1, 10, 25
 1, 10, 26
 1, 10, 28
 1, 10, 29
 1, 10, 30
 1, 10, 31
 1, 11, 4
 1, 11, 5
 1, 11, 6
 1, 11, 7
 1, 11, 8
 1, 11, 9
 1, 11, 14
 1, 11, 18
 1, 11, 19
 1, 11, 20
 1, 11, 21
 1, 11, 23
 1, 11, 24
 1, 11, 25
 1, 11, 26
 1, 11, 27
 1, 11, 29
 1, 11, 30
 1, 11, 31
 1, 12, 4
 1, 12, 5
 1, 12, 8
 1, 12, 10
 1, 12, 13
 1, 12, 14
 1, 12, 16
 1, 12, 21
 1, 12, 24
 1, 12, 25
 1, 12, 26
 1, 12, 28
 1, 12, 29
 1, 12, 30
 1, 12, 31
 1, 13, 2
 1, 13, 4
 1, 13, 5
 1, 13, 6
 1, 13, 7
 1, 13, 8
 1, 13, 9
 1, 13, 10
 1, 13, 12
 1, 13, 14
 1, 13, 16
 1, 13, 19
 1, 13, 21
 1, 13, 23
 1, 13, 24
 1, 13, 25
 1, 13, 26
 1, 13, 28
 1, 13, 29
 1, 13, 30
 1, 13, 31
 1, 14, 2
 1, 14, 4
 1, 14, 5
 1, 14, 6
 1, 14, 7
 1, 14, 8
 1, 14, 11
 1, 14, 12
 1, 14, 13
 1, 14, 16
 1, 14, 19
 1, 14, 21
 1, 14, 23
 1, 14, 25
 1, 14, 26
 1, 14, 28
 1, 14, 29
 1, 14, 30
 1, 14, 31
 1, 16, 2
 1, 16, 4
 1, 16, 5
 1, 16, 6
 1, 16, 7
 1, 16, 8
 1, 16, 10
 1, 16, 12
 1, 16, 13
 1, 16, 14
 1, 16, 21
 1, 16, 23
 1, 16, 25
 1, 16, 26
 1, 16, 28
 1, 16, 29
 1, 16, 30
 1, 16, 31
 1, 18, 5
 1, 18, 7
 1, 18, 9
 1, 18, 11
 1, 18, 19
 1, 18, 23
 1, 18, 25
 1, 18, 27
 1, 18, 29
 1, 18, 30
 1, 18, 31
 1, 19, 2
 1, 19, 4
 1, 19, 5
 1, 19, 6
 1, 19, 7
 1, 19, 8
 1, 19, 9
 1, 19, 11
 1, 19, 13
 1, 19, 14
 1, 19, 18
 1, 19, 20
 1, 19, 23
 1, 19, 24
 1, 19, 25
 1, 19, 26
 1, 19, 27
 1, 19, 28
 1, 19, 29
 1, 19, 30
 1, 19, 31
 1, 20, 2
 1, 20, 4
 1, 20, 5
 1, 20, 6
 1, 20, 7
 1, 20, 9
 1, 20, 11
 1, 20, 19
 1, 20, 23
 1, 20, 30
 1, 20, 31
 1, 21, 2
 1, 21, 4
 1, 21, 5
 1, 21, 8
 1, 21, 9
 1, 21, 11
 1, 21, 12
 1, 21, 13
 1, 21, 14
 1, 21, 16
 1, 21, 29
 1, 21, 30
 1, 21, 31
 1, 23, 2
 1, 23, 4
 1, 23, 5
 1, 23, 6
 1, 23, 7
 1, 23, 8
 1, 23, 9
 1, 23, 11
 1, 23, 13
 1, 23, 14
 1, 23, 16
 1, 23, 18
 1, 23, 19
 1, 23, 20
 1, 23, 29
 1, 23, 30
 1, 23, 31
 1, 24, 2
 1, 24, 4
 1, 24, 5
 1, 24, 6
 1, 24, 7
 1, 24, 8
 1, 24, 9
 1, 24, 10
 1, 24, 11
 1, 24, 12
 1, 24, 13
 1, 24, 19
 1, 24, 29
 1, 24, 30
 1, 24, 31
 1, 25, 2
 1, 25, 4
 1, 25, 5
 1, 25, 6
 1, 25, 7
 1, 25, 8
 1, 25, 9
 1, 25, 10
 1, 25, 11
 1, 25, 12
 1, 25, 13
 1, 25, 14
 1, 25, 16
 1, 25, 18
 1, 25, 19
 1, 25, 29
 1, 25, 30
 1, 25, 31
 1, 26, 2
 1, 26, 4
 1, 26, 5
 1, 26, 6
 1, 26, 7
 1, 26, 8
 1, 26, 9
 1, 26, 10
 1, 26, 11
 1, 26, 12
 1, 26, 13
 1, 26, 14
 1, 26, 16
 1, 26, 19
 1, 26, 30
 1, 27, 2
 1, 27, 5
 1, 27, 7
 1, 27, 9
 1, 27, 11
 1, 27, 18
 1, 27, 19
 1, 27, 29
 1, 27, 30
 1, 27, 31
 1, 28, 2
 1, 28, 4
 1, 28, 5
 1, 28, 7
 1, 28, 8
 1, 28, 9
 1, 28, 10
 1, 28, 12
 1, 28, 13
 1, 28, 14
 1, 28, 16
 1, 28, 19
 1, 28, 29
 1, 28, 30
 1, 28, 31
 1, 29, 4
 1, 29, 5
 1, 29, 6
 1, 29, 7
 1, 29, 8
 1, 29, 9
 1, 29, 10
 1, 29, 11
 1, 29, 12
 1, 29, 13
 1, 29, 14
 1, 29, 16
 1, 29, 18
 1, 29, 19
 1, 29, 21
 1, 29, 23
 1, 29, 24
 1, 29, 25
 1, 29, 27
 1, 29, 28
 1, 29, 30
 1, 29, 31
 1, 30, 2
 1, 30, 4
 1, 30, 5
 1, 30, 6
 1, 30, 7
 1, 30, 8
 1, 30, 9
 1, 30, 10
 1, 30, 11
 1, 30, 12
 1, 30, 13
 1, 30, 14
 1, 30, 16
 1, 30, 18
 1, 30, 19
 1, 30, 20
 1, 30, 21
 1, 30, 23
 1, 30, 24
 1, 30, 25
 1, 30, 26
 1, 30, 27
 1, 30, 28
 1, 30, 29
 1, 31, 4
 1, 31, 5
 1, 31, 6
 1, 31, 7
 1, 31, 8
 1, 31, 9
 1, 31, 10
 1, 31, 11
 1, 31, 12
 1, 31, 13
 1, 31, 14
 1, 31, 16
 1, 31, 18
 1, 31, 19
 1, 31, 20
 1, 31, 21
 1, 31, 23
 1, 31, 24
 1, 31, 25
 1, 31, 27
 1, 31, 28
 1, 31, 29
 2, 4, 6
 2, 4, 7
 2, 4, 9
 2, 4, 13
 2, 4, 14
 2, 4, 15
 2, 4, 16
 2, 4, 17
 2, 4, 19
 2, 4, 20
 2, 4, 21
 2, 4, 23
 2, 4, 24
 2, 4, 25
 2, 4, 26
 2, 4, 28
 2, 4, 30
 2, 6, 4
 2, 6, 7
 2, 6, 9
 2, 6, 13
 2, 6, 14
 2, 6, 15
 2, 6, 16
 2, 6, 19
 2, 6, 20
 2, 6, 23
 2, 6, 24
 2, 6, 25
 2, 6, 26
 2, 6, 30
 2, 7, 4
 2, 7, 6
 2, 7, 9
 2, 7, 13
 2, 7, 14
 2, 7, 16
 2, 7, 17
 2, 7, 19
 2, 7, 20
 2, 7, 23
 2, 7, 24
 2, 7, 25
 2, 7, 26
 2, 7, 27
 2, 7, 28
 2, 7, 30
 2, 9, 4
 2, 9, 6
 2, 9, 7
 2, 9, 13
 2, 9, 17
 2, 9, 19
 2, 9, 20
 2, 9, 21
 2, 9, 23
 2, 9, 24
 2, 9, 25
 2, 9, 26
 2, 9, 27
 2, 9, 28
 2, 9, 30
 2, 13, 4
 2, 13, 6
 2, 13, 7
 2, 13, 9
 2, 13, 14
 2, 13, 15
 2, 13, 16
 2, 13, 17
 2, 13, 19
 2, 13, 21
 2, 13, 23
 2, 13, 24
 2, 13, 25
 2, 13, 26
 2, 13, 28
 2, 13, 30
 2, 14, 4
 2, 14, 6
 2, 14, 7
 2, 14, 13
 2, 14, 16
 2, 14, 19
 2, 14, 21
 2, 14, 23
 2, 14, 25
 2, 14, 26
 2, 14, 28
 2, 14, 30
 2, 15, 4
 2, 15, 6
 2, 15, 13
 2, 15, 16
 2, 15, 23
 2, 15, 24
 2, 15, 25
 2, 15, 26
 2, 16, 4
 2, 16, 6
 2, 16, 7
 2, 16, 13
 2, 16, 14
 2, 16, 15
 2, 16, 17
 2, 16, 21
 2, 16, 23
 2, 16, 25
 2, 16, 26
 2, 16, 28
 2, 16, 30
 2, 17, 4
 2, 17, 7
 2, 17, 9
 2, 17, 13
 2, 17, 16
 2, 17, 23
 2, 17, 24
 2, 17, 25
 2, 17, 26
 2, 17, 30
 2, 19, 4
 2, 19, 6
 2, 19, 7
 2, 19, 9
 2, 19, 13
 2, 19, 14
 2, 19, 20
 2, 19, 23
 2, 19, 24
 2, 19, 25
 2, 19, 26
 2, 19, 27
 2, 19, 28
 2, 19, 30
 2, 20, 4
 2, 20, 6
 2, 20, 7
 2, 20, 9
 2, 20, 19
 2, 20, 23
 2, 20, 30
 2, 21, 4
 2, 21, 9
 2, 21, 13
 2, 21, 14
 2, 21, 16
 2, 21, 30
 2, 23, 4
 2, 23, 6
 2, 23, 7
 2, 23, 9
 2, 23, 13
 2, 23, 14
 2, 23, 15
 2, 23, 16
 2, 23, 17
 2, 23, 19
 2, 23, 20
 2, 23, 30
 2, 24, 4
 2, 24, 6
 2, 24, 7
 2, 24, 9
 2, 24, 13
 2, 24, 15
 2, 24, 17
 2, 24, 19
 2, 24, 30
 2, 25, 4
 2, 25, 6
 2, 25, 7
 2, 25, 9
 2, 25, 13
 2, 25, 14
 2, 25, 15
 2, 25, 16
 2, 25, 17
 2, 25, 19
 2, 25, 30
 2, 26, 4
 2, 26, 6
 2, 26, 7
 2, 26, 9
 2, 26, 13
 2, 26, 14
 2, 26, 15
 2, 26, 16
 2, 26, 17
 2, 26, 19
 2, 26, 30
 2, 27, 7
 2, 27, 9
 2, 27, 19
 2, 27, 30
 2, 28, 4
 2, 28, 7
 2, 28, 9
 2, 28, 13
 2, 28, 14
 2, 28, 16
 2, 28, 19
 2, 28, 30
 2, 30, 4
 2, 30, 6
 2, 30, 7
 2, 30, 9
 2, 30, 13
 2, 30, 14
 2, 30, 16
 2, 30, 17
 2, 30, 19
 2, 30, 20
 2, 30, 21
 2, 30, 23
 2, 30, 24
 2, 30, 25
 2, 30, 26
 2, 30, 27
 2, 30, 28
 3, 4, 6
 3, 4, 7
 3, 4, 9
 3, 4, 14
 3, 4, 19
 3, 4, 20
 3, 4, 21
 3, 4, 23
 3, 4, 24
 3, 4, 25
 3, 4, 26
 3, 4, 28
 3, 4, 29
 3, 4, 30
 3, 4, 31
 3, 6, 4
 3, 6, 7
 3, 6, 9
 3, 6, 14
 3, 6, 19
 3, 6, 20
 3, 6, 23
 3, 6, 24
 3, 6, 25
 3, 6, 26
 3, 6, 29
 3, 6, 30
 3, 6, 31
 3, 7, 4
 3, 7, 6
 3, 7, 9
 3, 7, 14
 3, 7, 19
 3, 7, 20
 3, 7, 23
 3, 7, 24
 3, 7, 25
 3, 7, 26
 3, 7, 28
 3, 7, 29
 3, 7, 30
 3, 7, 31
 3, 9, 4
 3, 9, 6
 3, 9, 7
 3, 9, 19
 3, 9, 20
 3, 9, 21
 3, 9, 23
 3, 9, 24
 3, 9, 25
 3, 9, 26
 3, 9, 28
 3, 9, 29
 3, 9, 30
 3, 9, 31
 3, 14, 4
 3, 14, 6
 3, 14, 7
 3, 14, 19
 3, 14, 21
 3, 14, 23
 3, 14, 25
 3, 14, 26
 3, 14, 28
 3, 14, 29
 3, 14, 30
 3, 14, 31
 3, 19, 4
 3, 19, 6
 3, 19, 7
 3, 19, 9
 3, 19, 14
 3, 19, 20
 3, 19, 23
 3, 19, 24
 3, 19, 25
 3, 19, 26
 3, 19, 28
 3, 19, 29
 3, 19, 30
 3, 19, 31
 3, 20, 4
 3, 20, 6
 3, 20, 7
 3, 20, 9
 3, 20, 19
 3, 20, 23
 3, 20, 30
 3, 20, 31
 3, 21, 4
 3, 21, 9
 3, 21, 14
 3, 21, 29
 3, 21, 30
 3, 21, 31
 3, 23, 4
 3, 23, 6
 3, 23, 7
 3, 23, 9
 3, 23, 14
 3, 23, 19
 3, 23, 20
 3, 23, 29
 3, 23, 30
 3, 23, 31
 3, 24, 4
 3, 24, 6
 3, 24, 7
 3, 24, 9
 3, 24, 19
 3, 24, 29
 3, 24, 30
 3, 24, 31
 3, 25, 4
 3, 25, 6
 3, 25, 7
 3, 25, 9
 3, 25, 14
 3, 25, 19
 3, 25, 29
 3, 25, 30
 3, 25, 31
 3, 26, 4
 3, 26, 6
 3, 26, 7
 3, 26, 9
 3, 26, 14
 3, 26, 19
 3, 26, 30
 3, 28, 4
 3, 28, 7
 3, 28, 9
 3, 28, 14
 3, 28, 19
 3, 28, 29
 3, 28, 30
 3, 28, 31
 3, 29, 4
 3, 29, 6
 3, 29, 7
 3, 29, 9
 3, 29, 14
 3, 29, 19
 3, 29, 21
 3, 29, 23
 3, 29, 24
 3, 29, 25
 3, 29, 28
 3, 29, 30
 3, 29, 31
 3, 30, 4
 3, 30, 6
 3, 30, 7
 3, 30, 9
 3, 30, 14
 3, 30, 19
 3, 30, 20
 3, 30, 21
 3, 30, 23
 3, 30, 24
 3, 30, 25
 3, 30, 26
 3, 30, 28
 3, 30, 29
 3, 31, 4
 3, 31, 6
 3, 31, 7
 3, 31, 9
 3, 31, 14
 3, 31, 19
 3, 31, 20
 3, 31, 21
 3, 31, 23
 3, 31, 24
 3, 31, 25
 3, 31, 28
 3, 31, 29
 4, 5, 7
 4, 5, 8
 4, 5, 9
 4, 5, 10
 4, 5, 11
 4, 5, 12
 4, 5, 13
 4, 5, 14
 4, 5, 15
 4, 5, 16
 4, 5, 17
 4, 5, 19
 4, 5, 20
 4, 5, 21
 4, 5, 23
 4, 5, 24
 4, 5, 25
 4, 5, 26
 4, 5, 28
 4, 5, 29
 4, 5, 30
 4, 5, 31
 4, 6, 7
 4, 6, 9
 4, 6, 11
 4, 6, 13
 4, 6, 14
 4, 6, 15
 4, 6, 16
 4, 6, 19
 4, 6, 20
 4, 6, 23
 4, 6, 24
 4, 6, 25
 4, 6, 26
 4, 6, 29
 4, 6, 30
 4, 6, 31
 4, 6, 32
 4, 7, 5
 4, 7, 6
 4, 7, 8
 4, 7, 9
 4, 7, 10
 4, 7, 11
 4, 7, 13
 4, 7, 14
 4, 7, 16
 4, 7, 17
 4, 7, 19
 4, 7, 20
 4, 7, 23
 4, 7, 24
 4, 7, 25
 4, 7, 26
 4, 7, 28
 4, 7, 29
 4, 7, 30
 4, 7, 31
 4, 7, 32
 4, 8, 5
 4, 8, 7
 4, 8, 9
 4, 8, 10
 4, 8, 11
 4, 8, 12
 4, 8, 13
 4, 8, 14
 4, 8, 15
 4, 8, 16
 4, 8, 17
 4, 8, 19
 4, 8, 21
 4, 8, 23
 4, 8, 24
 4, 8, 25
 4, 8, 26
 4, 8, 28
 4, 8, 29
 4, 8, 30
 4, 8, 31
 4, 8, 32
 4, 9, 5
 4, 9, 6
 4, 9, 7
 4, 9, 8
 4, 9, 11
 4, 9, 13
 4, 9, 17
 4, 9, 19
 4, 9, 20
 4, 9, 21
 4, 9, 23
 4, 9, 24
 4, 9, 25
 4, 9, 26
 4, 9, 28
 4, 9, 29
 4, 9, 30
 4, 9, 31
 4, 9, 32
 4, 10, 5
 4, 10, 7
 4, 10, 8
 4, 10, 12
 4, 10, 13
 4, 10, 15
 4, 10, 16
 4, 10, 17
 4, 10, 24
 4, 10, 25
 4, 10, 26
 4, 10, 28
 4, 10, 29
 4, 10, 30
 4, 10, 31
 4, 11, 5
 4, 11, 6
 4, 11, 7
 4, 11, 8
 4, 11, 9
 4, 11, 14
 4, 11, 19
 4, 11, 20
 4, 11, 21
 4, 11, 23
 4, 11, 24
 4, 11, 25
 4, 11, 26
 4, 11, 29
 4, 11, 30
 4, 11, 31
 4, 11, 32
 4, 12, 5
 4, 12, 8
 4, 12, 10
 4, 12, 13
 4, 12, 14
 4, 12, 15
 4, 12, 16
 4, 12, 21
 4, 12, 24
 4, 12, 25
 4, 12, 26
 4, 12, 28
 4, 12, 29
 4, 12, 30
 4, 12, 31
 4, 13, 5
 4, 13, 6
 4, 13, 7
 4, 13, 8
 4, 13, 9
 4, 13, 10
 4, 13, 12
 4, 13, 14
 4, 13, 15
 4, 13, 16
 4, 13, 17
 4, 13, 19
 4, 13, 21
 4, 13, 23
 4, 13, 24
 4, 13, 25
 4, 13, 26
 4, 13, 28
 4, 13, 29
 4, 13, 30
 4, 13, 31
 4, 14, 5
 4, 14, 6
 4, 14, 7
 4, 14, 8
 4, 14, 11
 4, 14, 12
 4, 14, 13
 4, 14, 16
 4, 14, 19
 4, 14, 21
 4, 14, 23
 4, 14, 25
 4, 14, 26
 4, 14, 28
 4, 14, 29
 4, 14, 30
 4, 14, 31
 4, 15, 5
 4, 15, 6
 4, 15, 8
 4, 15, 10
 4, 15, 12
 4, 15, 13
 4, 15, 16
 4, 15, 23
 4, 15, 24
 4, 15, 25
 4, 15, 26
 4, 15, 29
 4, 15, 31
 4, 16, 5
 4, 16, 6
 4, 16, 7
 4, 16, 8
 4, 16, 10
 4, 16, 12
 4, 16, 13
 4, 16, 14
 4, 16, 15
 4, 16, 17
 4, 16, 21
 4, 16, 23
 4, 16, 25
 4, 16, 26
 4, 16, 28
 4, 16, 29
 4, 16, 30
 4, 16, 31
 4, 17, 5
 4, 17, 7
 4, 17, 8
 4, 17, 9
 4, 17, 10
 4, 17, 13
 4, 17, 16
 4, 17, 23
 4, 17, 24
 4, 17, 25
 4, 17, 26
 4, 17, 29
 4, 17, 30
 4, 17, 31
 4, 19, 5
 4, 19, 6
 4, 19, 7
 4, 19, 8
 4, 19, 9
 4, 19, 11
 4, 19, 13
 4, 19, 14
 4, 19, 20
 4, 19, 23
 4, 19, 24
 4, 19, 25
 4, 19, 26
 4, 19, 28
 4, 19, 29
 4, 19, 30
 4, 19, 31
 4, 19, 32
 4, 20, 5
 4, 20, 6
 4, 20, 7
 4, 20, 9
 4, 20, 11
 4, 20, 19
 4, 20, 23
 4, 20, 30
 4, 20, 31
 4, 20, 32
 4, 21, 5
 4, 21, 8
 4, 21, 9
 4, 21, 11
 4, 21, 12
 4, 21, 13
 4, 21, 14
 4, 21, 16
 4, 21, 29
 4, 21, 30
 4, 21, 31
 4, 23, 5
 4, 23, 6
 4, 23, 7
 4, 23, 8
 4, 23, 9
 4, 23, 11
 4, 23, 13
 4, 23, 14
 4, 23, 15
 4, 23, 16
 4, 23, 17
 4, 23, 19
 4, 23, 20
 4, 23, 29
 4, 23, 30
 4, 23, 31
 4, 23, 32
 4, 24, 5
 4, 24, 6
 4, 24, 7
 4, 24, 8
 4, 24, 9
 4, 24, 10
 4, 24, 11
 4, 24, 12
 4, 24, 13
 4, 24, 15
 4, 24, 17
 4, 24, 19
 4, 24, 29
 4, 24, 30
 4, 24, 31
 4, 24, 32
 4, 25, 5
 4, 25, 6
 4, 25, 7
 4, 25, 8
 4, 25, 9
 4, 25, 10
 4, 25, 11
 4, 25, 12
 4, 25, 13
 4, 25, 14
 4, 25, 15
 4, 25, 16
 4, 25, 17
 4, 25, 19
 4, 25, 29
 4, 25, 30
 4, 25, 31
 4, 25, 32
 4, 26, 5
 4, 26, 6
 4, 26, 7
 4, 26, 8
 4, 26, 9
 4, 26, 10
 4, 26, 11
 4, 26, 12
 4, 26, 13
 4, 26, 14
 4, 26, 15
 4, 26, 16
 4, 26, 17
 4, 26, 19
 4, 26, 30
 4, 26, 32
 4, 28, 5
 4, 28, 7
 4, 28, 8
 4, 28, 9
 4, 28, 10
 4, 28, 12
 4, 28, 13
 4, 28, 14
 4, 28, 16
 4, 28, 19
 4, 28, 29
 4, 28, 30
 4, 28, 31
 4, 28, 32
 4, 29, 5
 4, 29, 6
 4, 29, 7
 4, 29, 8
 4, 29, 9
 4, 29, 10
 4, 29, 11
 4, 29, 12
 4, 29, 13
 4, 29, 14
 4, 29, 15
 4, 29, 16
 4, 29, 17
 4, 29, 19
 4, 29, 21
 4, 29, 23
 4, 29, 24
 4, 29, 25
 4, 29, 28
 4, 29, 30
 4, 29, 31
 4, 29, 32
 4, 30, 5
 4, 30, 6
 4, 30, 7
 4, 30, 8
 4, 30, 9
 4, 30, 10
 4, 30, 11
 4, 30, 12
 4, 30, 13
 4, 30, 14
 4, 30, 16
 4, 30, 17
 4, 30, 19
 4, 30, 20
 4, 30, 21
 4, 30, 23
 4, 30, 24
 4, 30, 25
 4, 30, 26
 4, 30, 28
 4, 30, 29
 4, 30, 32
 4, 31, 5
 4, 31, 6
 4, 31, 7
 4, 31, 8
 4, 31, 9
 4, 31, 10
 4, 31, 11
 4, 31, 12
 4, 31, 13
 4, 31, 14
 4, 31, 15
 4, 31, 16
 4, 31, 17
 4, 31, 19
 4, 31, 20
 4, 31, 21
 4, 31, 23
 4, 31, 24
 4, 31, 25
 4, 31, 28
 4, 31, 29
 4, 31, 32
 4, 32, 6
 4, 32, 7
 4, 32, 8
 4, 32, 9
 4, 32, 11
 4, 32, 19
 4, 32, 20
 4, 32, 23
 4, 32, 24
 4, 32, 25
 4, 32, 26
 4, 32, 28
 4, 32, 29
 4, 32, 30
 4, 32, 31
 5, 7, 8
 5, 7, 9
 5, 7, 10
 5, 7, 11
 5, 7, 13
 5, 7, 14
 5, 7, 16
 5, 7, 17
 5, 7, 18
 5, 7, 19
 5, 7, 20
 5, 7, 23
 5, 7, 24
 5, 7, 25
 5, 7, 26
 5, 7, 27
 5, 7, 28
 5, 7, 29
 5, 7, 30
 5, 7, 31
 5, 8, 7
 5, 8, 9
 5, 8, 10
 5, 8, 11
 5, 8, 12
 5, 8, 13
 5, 8, 14
 5, 8, 15
 5, 8, 16
 5, 8, 17
 5, 8, 19
 5, 8, 21
 5, 8, 23
 5, 8, 24
 5, 8, 25
 5, 8, 26
 5, 8, 28
 5, 8, 29
 5, 8, 30
 5, 8, 31
 5, 9, 7
 5, 9, 8
 5, 9, 11
 5, 9, 13
 5, 9, 17
 5, 9, 18
 5, 9, 19
 5, 9, 20
 5, 9, 21
 5, 9, 23
 5, 9, 24
 5, 9, 25
 5, 9, 26
 5, 9, 27
 5, 9, 28
 5, 9, 29
 5, 9, 30
 5, 9, 31
 5, 10, 7
 5, 10, 8
 5, 10, 12
 5, 10, 13
 5, 10, 15
 5, 10, 16
 5, 10, 17
 5, 10, 24
 5, 10, 25
 5, 10, 26
 5, 10, 28
 5, 10, 29
 5, 10, 30
 5, 10, 31
 5, 11, 7
 5, 11, 8
 5, 11, 9
 5, 11, 14
 5, 11, 18
 5, 11, 19
 5, 11, 20
 5, 11, 21
 5, 11, 23
 5, 11, 24
 5, 11, 25
 5, 11, 26
 5, 11, 27
 5, 11, 29
 5, 11, 30
 5, 11, 31
 5, 12, 8
 5, 12, 10
 5, 12, 13
 5, 12, 14
 5, 12, 15
 5, 12, 16
 5, 12, 21
 5, 12, 24
 5, 12, 25
 5, 12, 26
 5, 12, 28
 5, 12, 29
 5, 12, 30
 5, 12, 31
 5, 13, 7
 5, 13, 8
 5, 13, 9
 5, 13, 10
 5, 13, 12
 5, 13, 14
 5, 13, 15
 5, 13, 16
 5, 13, 17
 5, 13, 19
 5, 13, 21
 5, 13, 23
 5, 13, 24
 5, 13, 25
 5, 13, 26
 5, 13, 28
 5, 13, 29
 5, 13, 30
 5, 13, 31
 5, 14, 7
 5, 14, 8
 5, 14, 11
 5, 14, 12
 5, 14, 13
 5, 14, 16
 5, 14, 19
 5, 14, 21
 5, 14, 23
 5, 14, 25
 5, 14, 26
 5, 14, 28
 5, 14, 29
 5, 14, 30
 5, 14, 31
 5, 15, 8
 5, 15, 10
 5, 15, 12
 5, 15, 13
 5, 15, 16
 5, 15, 23
 5, 15, 24
 5, 15, 25
 5, 15, 26
 5, 15, 29
 5, 15, 31
 5, 16, 7
 5, 16, 8
 5, 16, 10
 5, 16, 12
 5, 16, 13
 5, 16, 14
 5, 16, 15
 5, 16, 17
 5, 16, 21
 5, 16, 23
 5, 16, 25
 5, 16, 26
 5, 16, 28
 5, 16, 29
 5, 16, 30
 5, 16, 31
 5, 17, 7
 5, 17, 8
 5, 17, 9
 5, 17, 10
 5, 17, 13
 5, 17, 16
 5, 17, 23
 5, 17, 24
 5, 17, 25
 5, 17, 26
 5, 17, 29
 5, 17, 30
 5, 17, 31
 5, 18, 7
 5, 18, 9
 5, 18, 11
 5, 18, 19
 5, 18, 23
 5, 18, 25
 5, 18, 27
 5, 18, 29
 5, 18, 30
 5, 18, 31
 5, 19, 7
 5, 19, 8
 5, 19, 9
 5, 19, 11
 5, 19, 13
 5, 19, 14
 5, 19, 18
 5, 19, 20
 5, 19, 23
 5, 19, 24
 5, 19, 25
 5, 19, 26
 5, 19, 27
 5, 19, 28
 5, 19, 29
 5, 19, 30
 5, 19, 31
 5, 20, 7
 5, 20, 9
 5, 20, 11
 5, 20, 19
 5, 20, 23
 5, 20, 30
 5, 20, 31
 5, 21, 8
 5, 21, 9
 5, 21, 11
 5, 21, 12
 5, 21, 13
 5, 21, 14
 5, 21, 16
 5, 21, 29
 5, 21, 30
 5, 21, 31
 5, 23, 7
 5, 23, 8
 5, 23, 9
 5, 23, 11
 5, 23, 13
 5, 23, 14
 5, 23, 15
 5, 23, 16
 5, 23, 17
 5, 23, 18
 5, 23, 19
 5, 23, 20
 5, 23, 29
 5, 23, 30
 5, 23, 31
 5, 24, 7
 5, 24, 8
 5, 24, 9
 5, 24, 10
 5, 24, 11
 5, 24, 12
 5, 24, 13
 5, 24, 15
 5, 24, 17
 5, 24, 19
 5, 24, 29
 5, 24, 30
 5, 24, 31
 5, 25, 7
 5, 25, 8
 5, 25, 9
 5, 25, 10
 5, 25, 11
 5, 25, 12
 5, 25, 13
 5, 25, 14
 5, 25, 15
 5, 25, 16
 5, 25, 17
 5, 25, 18
 5, 25, 19
 5, 25, 29
 5, 25, 30
 5, 25, 31
 5, 26, 7
 5, 26, 8
 5, 26, 9
 5, 26, 10
 5, 26, 11
 5, 26, 12
 5, 26, 13
 5, 26, 14
 5, 26, 15
 5, 26, 16
 5, 26, 17
 5, 26, 19
 5, 26, 30
 5, 27, 7
 5, 27, 9
 5, 27, 11
 5, 27, 18
 5, 27, 19
 5, 27, 29
 5, 27, 30
 5, 27, 31
 5, 28, 7
 5, 28, 8
 5, 28, 9
 5, 28, 10
 5, 28, 12
 5, 28, 13
 5, 28, 14
 5, 28, 16
 5, 28, 19
 5, 28, 29
 5, 28, 30
 5, 28, 31
 5, 29, 7
 5, 29, 8
 5, 29, 9
 5, 29, 10
 5, 29, 11
 5, 29, 12
 5, 29, 13
 5, 29, 14
 5, 29, 15
 5, 29, 16
 5, 29, 17
 5, 29, 18
 5, 29, 19
 5, 29, 21
 5, 29, 23
 5, 29, 24
 5, 29, 25
 5, 29, 27
 5, 29, 28
 5, 29, 30
 5, 29, 31
 5, 30, 7
 5, 30, 8
 5, 30, 9
 5, 30, 10
 5, 30, 11
 5, 30, 12
 5, 30, 13
 5, 30, 14
 5, 30, 16
 5, 30, 17
 5, 30, 18
 5, 30, 19
 5, 30, 20
 5, 30, 21
 5, 30, 23
 5, 30, 24
 5, 30, 25
 5, 30, 26
 5, 30, 27
 5, 30, 28
 5, 30, 29
 5, 31, 7
 5, 31, 8
 5, 31, 9
 5, 31, 10
 5, 31, 11
 5, 31, 12
 5, 31, 13
 5, 31, 14
 5, 31, 15
 5, 31, 16
 5, 31, 17
 5, 31, 18
 5, 31, 19
 5, 31, 20
 5, 31, 21
 5, 31, 23
 5, 31, 24
 5, 31, 25
 5, 31, 27
 5, 31, 28
 5, 31, 29
 6, 7, 9
 6, 7, 11
 6, 7, 13
 6, 7, 14
 6, 7, 16
 6, 7, 19
 6, 7, 20
 6, 7, 23
 6, 7, 24
 6, 7, 25
 6, 7, 26
 6, 7, 29
 6, 7, 30
 6, 7, 31
 6, 7, 32
 6, 9, 7
 6, 9, 11
 6, 9, 13
 6, 9, 19
 6, 9, 20
 6, 9, 23
 6, 9, 24
 6, 9, 25
 6, 9, 26
 6, 9, 29
 6, 9, 30
 6, 9, 31
 6, 9, 32
 6, 11, 7
 6, 11, 9
 6, 11, 14
 6, 11, 19
 6, 11, 20
 6, 11, 23
 6, 11, 24
 6, 11, 25
 6, 11, 26
 6, 11, 29
 6, 11, 30
 6, 11, 31
 6, 11, 32
 6, 13, 7
 6, 13, 9
 6, 13, 14
 6, 13, 15
 6, 13, 16
 6, 13, 19
 6, 13, 23
 6, 13, 24
 6, 13, 25
 6, 13, 26
 6, 13, 29
 6, 13, 30
 6, 13, 31
 6, 14, 7
 6, 14, 11
 6, 14, 13
 6, 14, 16
 6, 14, 19
 6, 14, 23
 6, 14, 25
 6, 14, 26
 6, 14, 29
 6, 14, 30
 6, 14, 31
 6, 15, 13
 6, 15, 16
 6, 15, 23
 6, 15, 24
 6, 15, 25
 6, 15, 26
 6, 15, 29
 6, 15, 31
 6, 16, 7
 6, 16, 13
 6, 16, 14
 6, 16, 15
 6, 16, 23
 6, 16, 25
 6, 16, 26
 6, 16, 29
 6, 16, 30
 6, 16, 31
 6, 19, 7
 6, 19, 9
 6, 19, 11
 6, 19, 13
 6, 19, 14
 6, 19, 20
 6, 19, 23
 6, 19, 24
 6, 19, 25
 6, 19, 26
 6, 19, 29
 6, 19, 30
 6, 19, 31
 6, 19, 32
 6, 20, 7
 6, 20, 9
 6, 20, 11
 6, 20, 19
 6, 20, 23
 6, 20, 30
 6, 20, 31
 6, 20, 32
 6, 23, 7
 6, 23, 9
 6, 23, 11
 6, 23, 13
 6, 23, 14
 6, 23, 15
 6, 23, 16
 6, 23, 19
 6, 23, 20
 6, 23, 29
 6, 23, 30
 6, 23, 31
 6, 23, 32
 6, 24, 7
 6, 24, 9
 6, 24, 11
 6, 24, 13
 6, 24, 15
 6, 24, 19
 6, 24, 29
 6, 24, 30
 6, 24, 31
 6, 24, 32
 6, 25, 7
 6, 25, 9
 6, 25, 11
 6, 25, 13
 6, 25, 14
 6, 25, 15
 6, 25, 16
 6, 25, 19
 6, 25, 29
 6, 25, 30
 6, 25, 31
 6, 25, 32
 6, 26, 7
 6, 26, 9
 6, 26, 11
 6, 26, 13
 6, 26, 14
 6, 26, 15
 6, 26, 16
 6, 26, 19
 6, 26, 30
 6, 26, 32
 6, 29, 7
 6, 29, 9
 6, 29, 11
 6, 29, 13
 6, 29, 14
 6, 29, 15
 6, 29, 16
 6, 29, 19
 6, 29, 23
 6, 29, 24
 6, 29, 25
 6, 29, 30
 6, 29, 31
 6, 29, 32
 6, 30, 7
 6, 30, 9
 6, 30, 11
 6, 30, 13
 6, 30, 14
 6, 30, 16
 6, 30, 19
 6, 30, 20
 6, 30, 23
 6, 30, 24
 6, 30, 25
 6, 30, 26
 6, 30, 29
 6, 30, 32
 6, 31, 7
 6, 31, 9
 6, 31, 11
 6, 31, 13
 6, 31, 14
 6, 31, 15
 6, 31, 16
 6, 31, 19
 6, 31, 20
 6, 31, 23
 6, 31, 24
 6, 31, 25
 6, 31, 29
 6, 31, 32
 6, 32, 7
 6, 32, 9
 6, 32, 11
 6, 32, 19
 6, 32, 20
 6, 32, 23
 6, 32, 24
 6, 32, 25
 6, 32, 26
 6, 32, 29
 6, 32, 30
 6, 32, 31
 7, 8, 9
 7, 8, 10
 7, 8, 11
 7, 8, 13
 7, 8, 14
 7, 8, 16
 7, 8, 17
 7, 8, 19
 7, 8, 23
 7, 8, 24
 7, 8, 25
 7, 8, 26
 7, 8, 28
 7, 8, 29
 7, 8, 30
 7, 8, 31
 7, 8, 32
 7, 9, 8
 7, 9, 11
 7, 9, 13
 7, 9, 17
 7, 9, 18
 7, 9, 19
 7, 9, 20
 7, 9, 23
 7, 9, 24
 7, 9, 25
 7, 9, 26
 7, 9, 27
 7, 9, 28
 7, 9, 29
 7, 9, 30
 7, 9, 31
 7, 9, 32
 7, 10, 8
 7, 10, 13
 7, 10, 16
 7, 10, 17
 7, 10, 24
 7, 10, 25
 7, 10, 26
 7, 10, 28
 7, 10, 29
 7, 10, 30
 7, 10, 31
 7, 11, 8
 7, 11, 9
 7, 11, 14
 7, 11, 18
 7, 11, 19
 7, 11, 20
 7, 11, 23
 7, 11, 24
 7, 11, 25
 7, 11, 26
 7, 11, 27
 7, 11, 29
 7, 11, 30
 7, 11, 31
 7, 11, 32
 7, 13, 8
 7, 13, 9
 7, 13, 10
 7, 13, 14
 7, 13, 16
 7, 13, 17
 7, 13, 19
 7, 13, 23
 7, 13, 24
 7, 13, 25
 7, 13, 26
 7, 13, 28
 7, 13, 29
 7, 13, 30
 7, 13, 31
 7, 14, 8
 7, 14, 11
 7, 14, 13
 7, 14, 16
 7, 14, 19
 7, 14, 23
 7, 14, 25
 7, 14, 26
 7, 14, 28
 7, 14, 29
 7, 14, 30
 7, 14, 31
 7, 16, 8
 7, 16, 10
 7, 16, 13
 7, 16, 14
 7, 16, 17
 7, 16, 23
 7, 16, 25
 7, 16, 26
 7, 16, 28
 7, 16, 29
 7, 16, 30
 7, 16, 31
 7, 17, 8
 7, 17, 9
 7, 17, 10
 7, 17, 13
 7, 17, 16
 7, 17, 23
 7, 17, 24
 7, 17, 25
 7, 17, 26
 7, 17, 29
 7, 17, 30
 7, 17, 31
 7, 18, 9
 7, 18, 11
 7, 18, 19
 7, 18, 23
 7, 18, 25
 7, 18, 27
 7, 18, 29
 7, 18, 30
 7, 18, 31
 7, 18, 32
 7, 19, 8
 7, 19, 9
 7, 19, 11
 7, 19, 13
 7, 19, 14
 7, 19, 18
 7, 19, 20
 7, 19, 23
 7, 19, 24
 7, 19, 25
 7, 19, 26
 7, 19, 27
 7, 19, 28
 7, 19, 29
 7, 19, 30
 7, 19, 31
 7, 19, 32
 7, 20, 9
 7, 20, 11
 7, 20, 19
 7, 20, 23
 7, 20, 30
 7, 20, 31
 7, 20, 32
 7, 23, 8
 7, 23, 9
 7, 23, 11
 7, 23, 13
 7, 23, 14
 7, 23, 16
 7, 23, 17
 7, 23, 18
 7, 23, 19
 7, 23, 20
 7, 23, 29
 7, 23, 30
 7, 23, 31
 7, 23, 32
 7, 24, 8
 7, 24, 9
 7, 24, 10
 7, 24, 11
 7, 24, 13
 7, 24, 17
 7, 24, 19
 7, 24, 29
 7, 24, 30
 7, 24, 31
 7, 24, 32
 7, 25, 8
 7, 25, 9
 7, 25, 10
 7, 25, 11
 7, 25, 13
 7, 25, 14
 7, 25, 16
 7, 25, 17
 7, 25, 18
 7, 25, 19
 7, 25, 29
 7, 25, 30
 7, 25, 31
 7, 25, 32
 7, 26, 8
 7, 26, 9
 7, 26, 10
 7, 26, 11
 7, 26, 13
 7, 26, 14
 7, 26, 16
 7, 26, 17
 7, 26, 19
 7, 26, 30
 7, 26, 32
 7, 27, 9
 7, 27, 11
 7, 27, 18
 7, 27, 19
 7, 27, 29
 7, 27, 30
 7, 27, 31
 7, 27, 32
 7, 28, 8
 7, 28, 9
 7, 28, 10
 7, 28, 13
 7, 28, 14
 7, 28, 16
 7, 28, 19
 7, 28, 29
 7, 28, 30
 7, 28, 31
 7, 28, 32
 7, 29, 8
 7, 29, 9
 7, 29, 10
 7, 29, 11
 7, 29, 13
 7, 29, 14
 7, 29, 16
 7, 29, 17
 7, 29, 18
 7, 29, 19
 7, 29, 23
 7, 29, 24
 7, 29, 25
 7, 29, 27
 7, 29, 28
 7, 29, 30
 7, 29, 31
 7, 29, 32
 7, 30, 8
 7, 30, 9
 7, 30, 10
 7, 30, 11
 7, 30, 13
 7, 30, 14
 7, 30, 16
 7, 30, 17
 7, 30, 18
 7, 30, 19
 7, 30, 20
 7, 30, 23
 7, 30, 24
 7, 30, 25
 7, 30, 26
 7, 30, 27
 7, 30, 28
 7, 30, 29
 7, 30, 32
 7, 31, 8
 7, 31, 9
 7, 31, 10
 7, 31, 11
 7, 31, 13
 7, 31, 14
 7, 31, 16
 7, 31, 17
 7, 31, 18
 7, 31, 19
 7, 31, 20
 7, 31, 23
 7, 31, 24
 7, 31, 25
 7, 31, 27
 7, 31, 28
 7, 31, 29
 7, 31, 32
 7, 32, 8
 7, 32, 9
 7, 32, 11
 7, 32, 18
 7, 32, 19
 7, 32, 20
 7, 32, 23
 7, 32, 24
 7, 32, 25
 7, 32, 26
 7, 32, 27
 7, 32, 28
 7, 32, 29
 7, 32, 30
 7, 32, 31
 8, 9, 11
 8, 9, 13
 8, 9, 17
 8, 9, 19
 8, 9, 21
 8, 9, 23
 8, 9, 24
 8, 9, 25
 8, 9, 26
 8, 9, 28
 8, 9, 29
 8, 9, 30
 8, 9, 31
 8, 9, 32
 8, 10, 12
 8, 10, 13
 8, 10, 15
 8, 10, 16
 8, 10, 17
 8, 10, 24
 8, 10, 25
 8, 10, 26
 8, 10, 28
 8, 10, 29
 8, 10, 30
 8, 10, 31
 8, 11, 9
 8, 11, 14
 8, 11, 19
 8, 11, 21
 8, 11, 23
 8, 11, 24
 8, 11, 25
 8, 11, 26
 8, 11, 29
 8, 11, 30
 8, 11, 31
 8, 11, 32
 8, 12, 10
 8, 12, 13
 8, 12, 14
 8, 12, 15
 8, 12, 16
 8, 12, 21
 8, 12, 24
 8, 12, 25
 8, 12, 26
 8, 12, 28
 8, 12, 29
 8, 12, 30
 8, 12, 31
 8, 13, 9
 8, 13, 10
 8, 13, 12
 8, 13, 14
 8, 13, 15
 8, 13, 16
 8, 13, 17
 8, 13, 19
 8, 13, 21
 8, 13, 23
 8, 13, 24
 8, 13, 25
 8, 13, 26
 8, 13, 28
 8, 13, 29
 8, 13, 30
 8, 13, 31
 8, 14, 11
 8, 14, 12
 8, 14, 13
 8, 14, 16
 8, 14, 19
 8, 14, 21
 8, 14, 23
 8, 14, 25
 8, 14, 26
 8, 14, 28
 8, 14, 29
 8, 14, 30
 8, 14, 31
 8, 15, 10
 8, 15, 12
 8, 15, 13
 8, 15, 16
 8, 15, 23
 8, 15, 24
 8, 15, 25
 8, 15, 26
 8, 15, 29
 8, 15, 31
 8, 16, 10
 8, 16, 12
 8, 16, 13
 8, 16, 14
 8, 16, 15
 8, 16, 17
 8, 16, 21
 8, 16, 23
 8, 16, 25
 8, 16, 26
 8, 16, 28
 8, 16, 29
 8, 16, 30
 8, 16, 31
 8, 17, 9
 8, 17, 10
 8, 17, 13
 8, 17, 16
 8, 17, 23
 8, 17, 24
 8, 17, 25
 8, 17, 26
 8, 17, 29
 8, 17, 30
 8, 17, 31
 8, 19, 9
 8, 19, 11
 8, 19, 13
 8, 19, 14
 8, 19, 23
 8, 19, 24
 8, 19, 25
 8, 19, 26
 8, 19, 28
 8, 19, 29
 8, 19, 30
 8, 19, 31
 8, 19, 32
 8, 21, 9
 8, 21, 11
 8, 21, 12
 8, 21, 13
 8, 21, 14
 8, 21, 16
 8, 21, 29
 8, 21, 30
 8, 21, 31
 8, 22, 31
 8, 23, 9
 8, 23, 11
 8, 23, 13
 8, 23, 14
 8, 23, 15
 8, 23, 16
 8, 23, 17
 8, 23, 19
 8, 23, 29
 8, 23, 30
 8, 23, 31
 8, 23, 32
 8, 24, 9
 8, 24, 10
 8, 24, 11
 8, 24, 12
 8, 24, 13
 8, 24, 15
 8, 24, 17
 8, 24, 19
 8, 24, 29
 8, 24, 30
 8, 24, 31
 8, 24, 32
 8, 25, 9
 8, 25, 10
 8, 25, 11
 8, 25, 12
 8, 25, 13
 8, 25, 14
 8, 25, 15
 8, 25, 16
 8, 25, 17
 8, 25, 19
 8, 25, 29
 8, 25, 30
 8, 25, 31
 8, 25, 32
 8, 26, 9
 8, 26, 10
 8, 26, 11
 8, 26, 12
 8, 26, 13
 8, 26, 14
 8, 26, 15
 8, 26, 16
 8, 26, 17
 8, 26, 19
 8, 26, 30
 8, 26, 32
 8, 28, 9
 8, 28, 10
 8, 28, 12
 8, 28, 13
 8, 28, 14
 8, 28, 16
 8, 28, 19
 8, 28, 29
 8, 28, 30
 8, 28, 31
 8, 28, 32
 8, 29, 9
 8, 29, 10
 8, 29, 11
 8, 29, 12
 8, 29, 13
 8, 29, 14
 8, 29, 15
 8, 29, 16
 8, 29, 17
 8, 29, 19
 8, 29, 21
 8, 29, 23
 8, 29, 24
 8, 29, 25
 8, 29, 28
 8, 29, 30
 8, 29, 31
 8, 29, 32
 8, 30, 9
 8, 30, 10
 8, 30, 11
 8, 30, 12
 8, 30, 13
 8, 30, 14
 8, 30, 16
 8, 30, 17
 8, 30, 19
 8, 30, 21
 8, 30, 23
 8, 30, 24
 8, 30, 25
 8, 30, 26
 8, 30, 28
 8, 30, 29
 8, 30, 32
 8, 31, 9
 8, 31, 10
 8, 31, 11
 8, 31, 12
 8, 31, 13
 8, 31, 14
 8, 31, 15
 8, 31, 16
 8, 31, 17
 8, 31, 19
 8, 31, 21
 8, 31, 22
 8, 31, 23
 8, 31, 24
 8, 31, 25
 8, 31, 28
 8, 31, 29
 8, 31, 32
 8, 32, 9
 8, 32, 11
 8, 32, 19
 8, 32, 23
 8, 32, 24
 8, 32, 25
 8, 32, 26
 8, 32, 28
 8, 32, 29
 8, 32, 30
 8, 32, 31
 9, 11, 18
 9, 11, 19
 9, 11, 20
 9, 11, 21
 9, 11, 23
 9, 11, 24
 9, 11, 25
 9, 11, 26
 9, 11, 27
 9, 11, 29
 9, 11, 30
 9, 11, 31
 9, 11, 32
 9, 13, 17
 9, 13, 19
 9, 13, 21
 9, 13, 23
 9, 13, 24
 9, 13, 25
 9, 13, 26
 9, 13, 28
 9, 13, 29
 9, 13, 30
 9, 13, 31
 9, 17, 13
 9, 17, 23
 9, 17, 24
 9, 17, 25
 9, 17, 26
 9, 17, 29
 9, 17, 30
 9, 17, 31
 9, 18, 11
 9, 18, 19
 9, 18, 23
 9, 18, 25
 9, 18, 27
 9, 18, 29
 9, 18, 30
 9, 18, 31
 9, 18, 32
 9, 19, 11
 9, 19, 13
 9, 19, 18
 9, 19, 20
 9, 19, 23
 9, 19, 24
 9, 19, 25
 9, 19, 26
 9, 19, 27
 9, 19, 28
 9, 19, 29
 9, 19, 30
 9, 19, 31
 9, 19, 32
 9, 20, 11
 9, 20, 19
 9, 20, 23
 9, 20, 30
 9, 20, 31
 9, 20, 32
 9, 21, 11
 9, 21, 13
 9, 21, 29
 9, 21, 30
 9, 21, 31
 9, 23, 11
 9, 23, 13
 9, 23, 17
 9, 23, 18
 9, 23, 19
 9, 23, 20
 9, 23, 29
 9, 23, 30
 9, 23, 31
 9, 23, 32
 9, 24, 11
 9, 24, 13
 9, 24, 17
 9, 24, 19
 9, 24, 29
 9, 24, 30
 9, 24, 31
 9, 24, 32
 9, 25, 11
 9, 25, 13
 9, 25, 17
 9, 25, 18
 9, 25, 19
 9, 25, 29
 9, 25, 30
 9, 25, 31
 9, 25, 32
 9, 26, 11
 9, 26, 13
 9, 26, 17
 9, 26, 19
 9, 26, 30
 9, 26, 32
 9, 27, 11
 9, 27, 18
 9, 27, 19
 9, 27, 29
 9, 27, 30
 9, 27, 31
 9, 27, 32
 9, 28, 13
 9, 28, 19
 9, 28, 29
 9, 28, 30
 9, 28, 31
 9, 28, 32
 9, 29, 11
 9, 29, 13
 9, 29, 17
 9, 29, 18
 9, 29, 19
 9, 29, 21
 9, 29, 23
 9, 29, 24
 9, 29, 25
 9, 29, 27
 9, 29, 28
 9, 29, 30
 9, 29, 31
 9, 29, 32
 9, 30, 11
 9, 30, 13
 9, 30, 17
 9, 30, 18
 9, 30, 19
 9, 30, 20
 9, 30, 21
 9, 30, 23
 9, 30, 24
 9, 30, 25
 9, 30, 26
 9, 30, 27
 9, 30, 28
 9, 30, 29
 9, 30, 32
 9, 31, 11
 9, 31, 13
 9, 31, 17
 9, 31, 18
 9, 31, 19
 9, 31, 20
 9, 31, 21
 9, 31, 23
 9, 31, 24
 9, 31, 25
 9, 31, 27
 9, 31, 28
 9, 31, 29
 9, 31, 32
 9, 32, 11
 9, 32, 18
 9, 32, 19
 9, 32, 20
 9, 32, 23
 9, 32, 24
 9, 32, 25
 9, 32, 26
 9, 32, 27
 9, 32, 28
 9, 32, 29
 9, 32, 30
 9, 32, 31
 10, 12, 13
 10, 12, 15
 10, 12, 16
 10, 12, 24
 10, 12, 25
 10, 12, 26
 10, 12, 28
 10, 12, 29
 10, 12, 30
 10, 12, 31
 10, 13, 12
 10, 13, 15
 10, 13, 16
 10, 13, 17
 10, 13, 24
 10, 13, 25
 10, 13, 26
 10, 13, 28
 10, 13, 29
 10, 13, 30
 10, 13, 31
 10, 15, 12
 10, 15, 13
 10, 15, 16
 10, 15, 24
 10, 15, 25
 10, 15, 26
 10, 15, 29
 10, 15, 31
 10, 16, 12
 10, 16, 13
 10, 16, 15
 10, 16, 17
 10, 16, 25
 10, 16, 26
 10, 16, 28
 10, 16, 29
 10, 16, 30
 10, 16, 31
 10, 17, 13
 10, 17, 16
 10, 17, 24
 10, 17, 25
 10, 17, 26
 10, 17, 29
 10, 17, 30
 10, 17, 31
 10, 24, 12
 10, 24, 13
 10, 24, 15
 10, 24, 17
 10, 24, 29
 10, 24, 30
 10, 24, 31
 10, 25, 12
 10, 25, 13
 10, 25, 15
 10, 25, 16
 10, 25, 17
 10, 25, 29
 10, 25, 30
 10, 25, 31
 10, 26, 12
 10, 26, 13
 10, 26, 15
 10, 26, 16
 10, 26, 17
 10, 26, 30
 10, 28, 12
 10, 28, 13
 10, 28, 16
 10, 28, 29
 10, 28, 30
 10, 28, 31
 10, 29, 12
 10, 29, 13
 10, 29, 15
 10, 29, 16
 10, 29, 17
 10, 29, 24
 10, 29, 25
 10, 29, 28
 10, 29, 30
 10, 29, 31
 10, 30, 12
 10, 30, 13
 10, 30, 16
 10, 30, 17
 10, 30, 24
 10, 30, 25
 10, 30, 26
 10, 30, 28
 10, 30, 29
 10, 31, 12
 10, 31, 13
 10, 31, 15
 10, 31, 16
 10, 31, 17
 10, 31, 24
 10, 31, 25
 10, 31, 28
 10, 31, 29
 11, 14, 19
 11, 14, 21
 11, 14, 23
 11, 14, 25
 11, 14, 26
 11, 14, 29
 11, 14, 30
 11, 14, 31
 11, 14, 33
 11, 18, 19
 11, 18, 23
 11, 18, 25
 11, 18, 27
 11, 18, 29
 11, 18, 30
 11, 18, 31
 11, 18, 32
 11, 19, 14
 11, 19, 18
 11, 19, 20
 11, 19, 23
 11, 19, 24
 11, 19, 25
 11, 19, 26
 11, 19, 27
 11, 19, 29
 11, 19, 30
 11, 19, 31
 11, 19, 32
 11, 20, 19
 11, 20, 23
 11, 20, 30
 11, 20, 31
 11, 20, 32
 11, 20, 33
 11, 21, 14
 11, 21, 29
 11, 21, 30
 11, 21, 31
 11, 21, 33
 11, 23, 14
 11, 23, 18
 11, 23, 19
 11, 23, 20
 11, 23, 29
 11, 23, 30
 11, 23, 31
 11, 23, 32
 11, 23, 33
 11, 24, 19
 11, 24, 29
 11, 24, 30
 11, 24, 31
 11, 24, 32
 11, 24, 33
 11, 25, 14
 11, 25, 18
 11, 25, 19
 11, 25, 29
 11, 25, 30
 11, 25, 31
 11, 25, 32
 11, 25, 33
 11, 26, 14
 11, 26, 19
 11, 26, 30
 11, 26, 32
 11, 26, 33
 11, 27, 18
 11, 27, 19
 11, 27, 29
 11, 27, 30
 11, 27, 31
 11, 27, 32
 11, 29, 14
 11, 29, 18
 11, 29, 19
 11, 29, 21
 11, 29, 23
 11, 29, 24
 11, 29, 25
 11, 29, 27
 11, 29, 30
 11, 29, 31
 11, 29, 32
 11, 30, 14
 11, 30, 18
 11, 30, 19
 11, 30, 20
 11, 30, 21
 11, 30, 23
 11, 30, 24
 11, 30, 25
 11, 30, 26
 11, 30, 27
 11, 30, 29
 11, 30, 32
 11, 30, 33
 11, 31, 14
 11, 31, 18
 11, 31, 19
 11, 31, 20
 11, 31, 21
 11, 31, 23
 11, 31, 24
 11, 31, 25
 11, 31, 27
 11, 31, 29
 11, 31, 32
 11, 31, 33
 11, 32, 18
 11, 32, 19
 11, 32, 20
 11, 32, 23
 11, 32, 24
 11, 32, 25
 11, 32, 26
 11, 32, 27
 11, 32, 29
 11, 32, 30
 11, 32, 31
 11, 32, 33
 11, 33, 14
 11, 33, 20
 11, 33, 21
 11, 33, 23
 11, 33, 24
 11, 33, 25
 11, 33, 26
 11, 33, 30
 11, 33, 31
 11, 33, 32
 12, 13, 14
 12, 13, 15
 12, 13, 16
 12, 13, 21
 12, 13, 24
 12, 13, 25
 12, 13, 26
 12, 13, 28
 12, 13, 29
 12, 13, 30
 12, 13, 31
 12, 14, 13
 12, 14, 16
 12, 14, 21
 12, 14, 25
 12, 14, 26
 12, 14, 28
 12, 14, 29
 12, 14, 30
 12, 14, 31
 12, 15, 13
 12, 15, 16
 12, 15, 24
 12, 15, 25
 12, 15, 26
 12, 15, 29
 12, 15, 31
 12, 16, 13
 12, 16, 14
 12, 16, 15
 12, 16, 21
 12, 16, 25
 12, 16, 26
 12, 16, 28
 12, 16, 29
 12, 16, 30
 12, 16, 31
 12, 21, 13
 12, 21, 14
 12, 21, 16
 12, 21, 29
 12, 21, 30
 12, 21, 31
 12, 24, 13
 12, 24, 15
 12, 24, 29
 12, 24, 30
 12, 24, 31
 12, 25, 13
 12, 25, 14
 12, 25, 15
 12, 25, 16
 12, 25, 29
 12, 25, 30
 12, 25, 31
 12, 26, 13
 12, 26, 14
 12, 26, 15
 12, 26, 16
 12, 26, 30
 12, 28, 13
 12, 28, 14
 12, 28, 16
 12, 28, 29
 12, 28, 30
 12, 28, 31
 12, 29, 13
 12, 29, 14
 12, 29, 15
 12, 29, 16
 12, 29, 21
 12, 29, 24
 12, 29, 25
 12, 29, 28
 12, 29, 30
 12, 29, 31
 12, 30, 13
 12, 30, 14
 12, 30, 16
 12, 30, 21
 12, 30, 24
 12, 30, 25
 12, 30, 26
 12, 30, 28
 12, 30, 29
 12, 31, 13
 12, 31, 14
 12, 31, 15
 12, 31, 16
 12, 31, 21
 12, 31, 24
 12, 31, 25
 12, 31, 28
 12, 31, 29
 13, 14, 16
 13, 14, 19
 13, 14, 21
 13, 14, 23
 13, 14, 25
 13, 14, 26
 13, 14, 28
 13, 14, 29
 13, 14, 30
 13, 14, 31
 13, 15, 16
 13, 15, 23
 13, 15, 24
 13, 15, 25
 13, 15, 26
 13, 15, 29
 13, 15, 31
 13, 16, 14
 13, 16, 15
 13, 16, 17
 13, 16, 21
 13, 16, 23
 13, 16, 25
 13, 16, 26
 13, 16, 28
 13, 16, 29
 13, 16, 30
 13, 16, 31
 13, 17, 16
 13, 17, 23
 13, 17, 24
 13, 17, 25
 13, 17, 26
 13, 17, 29
 13, 17, 30
 13, 17, 31
 13, 19, 14
 13, 19, 23
 13, 19, 24
 13, 19, 25
 13, 19, 26
 13, 19, 28
 13, 19, 29
 13, 19, 30
 13, 19, 31
 13, 21, 14
 13, 21, 16
 13, 21, 29
 13, 21, 30
 13, 21, 31
 13, 23, 14
 13, 23, 15
 13, 23, 16
 13, 23, 17
 13, 23, 19
 13, 23, 29
 13, 23, 30
 13, 23, 31
 13, 24, 15
 13, 24, 17
 13, 24, 19
 13, 24, 29
 13, 24, 30
 13, 24, 31
 13, 25, 14
 13, 25, 15
 13, 25, 16
 13, 25, 17
 13, 25, 19
 13, 25, 29
 13, 25, 30
 13, 25, 31
 13, 26, 14
 13, 26, 15
 13, 26, 16
 13, 26, 17
 13, 26, 19
 13, 26, 30
 13, 28, 14
 13, 28, 16
 13, 28, 19
 13, 28, 29
 13, 28, 30
 13, 28, 31
 13, 29, 14
 13, 29, 15
 13, 29, 16
 13, 29, 17
 13, 29, 19
 13, 29, 21
 13, 29, 23
 13, 29, 24
 13, 29, 25
 13, 29, 28
 13, 29, 30
 13, 29, 31
 13, 30, 14
 13, 30, 16
 13, 30, 17
 13, 30, 19
 13, 30, 21
 13, 30, 23
 13, 30, 24
 13, 30, 25
 13, 30, 26
 13, 30, 28
 13, 30, 29
 13, 31, 14
 13, 31, 15
 13, 31, 16
 13, 31, 17
 13, 31, 19
 13, 31, 21
 13, 31, 23
 13, 31, 24
 13, 31, 25
 13, 31, 28
 13, 31, 29
 14, 16, 21
 14, 16, 23
 14, 16, 25
 14, 16, 26
 14, 16, 28
 14, 16, 29
 14, 16, 30
 14, 16, 31
 14, 19, 23
 14, 19, 25
 14, 19, 26
 14, 19, 28
 14, 19, 29
 14, 19, 30
 14, 19, 31
 14, 21, 16
 14, 21, 29
 14, 21, 30
 14, 21, 31
 14, 21, 33
 14, 23, 16
 14, 23, 19
 14, 23, 29
 14, 23, 30
 14, 23, 31
 14, 23, 33
 14, 25, 16
 14, 25, 19
 14, 25, 29
 14, 25, 30
 14, 25, 31
 14, 25, 33
 14, 26, 16
 14, 26, 19
 14, 26, 30
 14, 26, 33
 14, 28, 16
 14, 28, 19
 14, 28, 29
 14, 28, 30
 14, 28, 31
 14, 28, 33
 14, 29, 16
 14, 29, 19
 14, 29, 21
 14, 29, 23
 14, 29, 25
 14, 29, 28
 14, 29, 30
 14, 29, 31
 14, 30, 16
 14, 30, 19
 14, 30, 21
 14, 30, 23
 14, 30, 25
 14, 30, 26
 14, 30, 28
 14, 30, 29
 14, 30, 33
 14, 31, 16
 14, 31, 19
 14, 31, 21
 14, 31, 23
 14, 31, 25
 14, 31, 28
 14, 31, 29
 14, 31, 33
 14, 33, 21
 14, 33, 23
 14, 33, 25
 14, 33, 26
 14, 33, 28
 14, 33, 30
 14, 33, 31
 15, 16, 23
 15, 16, 25
 15, 16, 26
 15, 16, 29
 15, 16, 31
 15, 23, 16
 15, 23, 29
 15, 23, 31
 15, 24, 29
 15, 24, 31
 15, 25, 16
 15, 25, 29
 15, 25, 31
 15, 26, 16
 15, 29, 16
 15, 29, 23
 15, 29, 24
 15, 29, 25
 15, 29, 31
 15, 31, 16
 15, 31, 23
 15, 31, 24
 15, 31, 25
 15, 31, 29
 16, 17, 23
 16, 17, 25
 16, 17, 26
 16, 17, 29
 16, 17, 30
 16, 17, 31
 16, 21, 29
 16, 21, 30
 16, 21, 31
 16, 23, 17
 16, 23, 29
 16, 23, 30
 16, 23, 31
 16, 25, 17
 16, 25, 29
 16, 25, 30
 16, 25, 31
 16, 26, 17
 16, 26, 30
 16, 28, 29
 16, 28, 30
 16, 28, 31
 16, 29, 17
 16, 29, 21
 16, 29, 23
 16, 29, 25
 16, 29, 28
 16, 29, 30
 16, 29, 31
 16, 30, 17
 16, 30, 21
 16, 30, 23
 16, 30, 25
 16, 30, 26
 16, 30, 28
 16, 30, 29
 16, 31, 17
 16, 31, 21
 16, 31, 23
 16, 31, 25
 16, 31, 28
 16, 31, 29
 17, 23, 29
 17, 23, 30
 17, 23, 31
 17, 24, 29
 17, 24, 30
 17, 24, 31
 17, 25, 29
 17, 25, 30
 17, 25, 31
 17, 26, 30
 17, 29, 23
 17, 29, 24
 17, 29, 25
 17, 29, 30
 17, 29, 31
 17, 30, 23
 17, 30, 24
 17, 30, 25
 17, 30, 26
 17, 30, 29
 17, 31, 23
 17, 31, 24
 17, 31, 25
 17, 31, 29
 18, 19, 23
 18, 19, 25
 18, 19, 27
 18, 19, 29
 18, 19, 30
 18, 19, 31
 18, 19, 32
 18, 23, 19
 18, 23, 29
 18, 23, 30
 18, 23, 31
 18, 23, 32
 18, 25, 19
 18, 25, 29
 18, 25, 30
 18, 25, 31
 18, 25, 32
 18, 27, 19
 18, 27, 29
 18, 27, 30
 18, 27, 31
 18, 27, 32
 18, 29, 19
 18, 29, 23
 18, 29, 25
 18, 29, 27
 18, 29, 30
 18, 29, 31
 18, 29, 32
 18, 30, 19
 18, 30, 23
 18, 30, 25
 18, 30, 27
 18, 30, 29
 18, 30, 32
 18, 31, 19
 18, 31, 23
 18, 31, 25
 18, 31, 27
 18, 31, 29
 18, 31, 32
 18, 32, 19
 18, 32, 23
 18, 32, 25
 18, 32, 27
 18, 32, 29
 18, 32, 30
 18, 32, 31
 19, 20, 23
 19, 20, 30
 19, 20, 31
 19, 20, 32
 19, 23, 20
 19, 23, 29
 19, 23, 30
 19, 23, 31
 19, 23, 32
 19, 24, 29
 19, 24, 30
 19, 24, 31
 19, 24, 32
 19, 25, 29
 19, 25, 30
 19, 25, 31
 19, 25, 32
 19, 26, 30
 19, 26, 32
 19, 27, 29
 19, 27, 30
 19, 27, 31
 19, 27, 32
 19, 28, 29
 19, 28, 30
 19, 28, 31
 19, 28, 32
 19, 29, 23
 19, 29, 24
 19, 29, 25
 19, 29, 27
 19, 29, 28
 19, 29, 30
 19, 29, 31
 19, 29, 32
 19, 30, 20
 19, 30, 23
 19, 30, 24
 19, 30, 25
 19, 30, 26
 19, 30, 27
 19, 30, 28
 19, 30, 29
 19, 30, 32
 19, 31, 20
 19, 31, 23
 19, 31, 24
 19, 31, 25
 19, 31, 27
 19, 31, 28
 19, 31, 29
 19, 31, 32
 19, 32, 20
 19, 32, 23
 19, 32, 24
 19, 32, 25
 19, 32, 26
 19, 32, 27
 19, 32, 28
 19, 32, 29
 19, 32, 30
 19, 32, 31
 20, 23, 30
 20, 23, 31
 20, 23, 32
 20, 23, 33
 20, 30, 23
 20, 30, 32
 20, 30, 33
 20, 31, 23
 20, 31, 32
 20, 31, 33
 20, 32, 23
 20, 32, 30
 20, 32, 31
 20, 32, 33
 20, 33, 23
 20, 33, 30
 20, 33, 31
 20, 33, 32
 21, 29, 30
 21, 29, 31
 21, 30, 29
 21, 30, 33
 21, 31, 29
 21, 31, 33
 21, 33, 30
 21, 33, 31
 22, 31, 33
 22, 33, 31
 23, 29, 30
 23, 29, 31
 23, 29, 32
 23, 30, 29
 23, 30, 32
 23, 30, 33
 23, 31, 29
 23, 31, 32
 23, 31, 33
 23, 32, 29
 23, 32, 30
 23, 32, 31
 23, 32, 33
 23, 33, 30
 23, 33, 31
 23, 33, 32
 24, 29, 30
 24, 29, 31
 24, 29, 32
 24, 30, 29
 24, 30, 32
 24, 30, 33
 24, 31, 29
 24, 31, 32
 24, 31, 33
 24, 32, 29
 24, 32, 30
 24, 32, 31
 24, 32, 33
 24, 33, 30
 24, 33, 31
 24, 33, 32
 25, 29, 30
 25, 29, 31
 25, 29, 32
 25, 30, 29
 25, 30, 32
 25, 30, 33
 25, 31, 29
 25, 31, 32
 25, 31, 33
 25, 32, 29
 25, 32, 30
 25, 32, 31
 25, 32, 33
 25, 33, 30
 25, 33, 31
 25, 33, 32
 26, 30, 32
 26, 30, 33
 26, 32, 30
 26, 32, 33
 26, 33, 30
 26, 33, 32
 27, 29, 30
 27, 29, 31
 27, 29, 32
 27, 30, 29
 27, 30, 32
 27, 31, 29
 27, 31, 32
 27, 32, 29
 27, 32, 30
 27, 32, 31
 28, 29, 30
 28, 29, 31
 28, 29, 32
 28, 30, 29
 28, 30, 32
 28, 30, 33
 28, 31, 29
 28, 31, 32
 28, 31, 33
 28, 32, 29
 28, 32, 30
 28, 32, 31
 28, 32, 33
 28, 33, 30
 28, 33, 31
 28, 33, 32
 29, 30, 32
 29, 31, 32
 29, 32, 30
 29, 32, 31
 30, 32, 33
 30, 33, 32
 31, 32, 33
 31, 33, 32
