0, 1, 2
 0, 1, 4
 0, 1, 5
 0, 1, 6
 0, 1, 10
 0, 1, 11
 0, 1, 13
 0, 1, 18
 0, 1, 26
 0, 1, 27
 0, 1, 28
 0, 1, 30
 0, 1, 35
 0, 1, 37
 0, 1, 38
 0, 1, 39
 0, 1, 40
 0, 2, 1
 0, 2, 10
 0, 2, 26
 0, 2, 27
 0, 2, 28
 0, 2, 29
 0, 2, 30
 0, 2, 33
 0, 2, 35
 0, 2, 37
 0, 2, 38
 0, 2, 39
 0, 2, 40
 0, 4, 1
 0, 4, 27
 0, 4, 28
 0, 4, 29
 0, 4, 33
 0, 4, 35
 0, 4, 37
 0, 4, 40
 0, 5, 1
 0, 5, 18
 0, 5, 19
 0, 5, 26
 0, 5, 27
 0, 5, 28
 0, 5, 29
 0, 5, 33
 0, 5, 34
 0, 5, 35
 0, 5, 37
 0, 5, 39
 0, 6, 1
 0, 6, 7
 0, 6, 8
 0, 6, 9
 0, 6, 13
 0, 6, 14
 0, 6, 17
 0, 6, 18
 0, 6, 26
 0, 6, 28
 0, 6, 30
 0, 6, 33
 0, 6, 34
 0, 6, 35
 0, 6, 37
 0, 6, 38
 0, 6, 39
 0, 7, 6
 0, 7, 9
 0, 7, 19
 0, 7, 26
 0, 7, 28
 0, 7, 30
 0, 7, 33
 0, 7, 34
 0, 7, 35
 0, 7, 37
 0, 7, 38
 0, 7, 39
 0, 7, 40
 0, 8, 6
 0, 8, 13
 0, 8, 17
 0, 8, 18
 0, 8, 26
 0, 8, 28
 0, 8, 29
 0, 8, 33
 0, 8, 35
 0, 8, 38
 0, 8, 39
 0, 8, 40
 0, 9, 6
 0, 9, 7
 0, 9, 11
 0, 9, 13
 0, 9, 17
 0, 9, 18
 0, 9, 26
 0, 9, 28
 0, 9, 33
 0, 9, 35
 0, 9, 37
 0, 9, 38
 0, 9, 39
 0, 9, 40
 0, 10, 1
 0, 10, 2
 0, 10, 13
 0, 10, 27
 0, 10, 28
 0, 10, 29
 0, 10, 35
 0, 10, 37
 0, 10, 38
 0, 10, 39
 0, 10, 40
 0, 11, 1
 0, 11, 9
 0, 11, 12
 0, 11, 13
 0, 11, 14
 0, 11, 15
 0, 11, 17
 0, 11, 18
 0, 11, 19
 0, 11, 24
 0, 11, 26
 0, 11, 28
 0, 11, 35
 0, 11, 37
 0, 11, 38
 0, 11, 39
 0, 11, 40
 0, 12, 11
 0, 12, 13
 0, 12, 16
 0, 12, 18
 0, 12, 19
 0, 12, 23
 0, 12, 26
 0, 12, 28
 0, 12, 35
 0, 12, 37
 0, 12, 38
 0, 13, 1
 0, 13, 6
 0, 13, 8
 0, 13, 9
 0, 13, 10
 0, 13, 11
 0, 13, 12
 0, 13, 16
 0, 13, 17
 0, 13, 18
 0, 13, 19
 0, 13, 20
 0, 13, 23
 0, 13, 26
 0, 13, 27
 0, 13, 28
 0, 13, 29
 0, 13, 30
 0, 13, 33
 0, 13, 34
 0, 13, 35
 0, 13, 37
 0, 13, 38
 0, 13, 39
 0, 13, 40
 0, 13, 42
 0, 14, 6
 0, 14, 11
 0, 14, 18
 0, 14, 19
 0, 14, 23
 0, 14, 24
 0, 14, 26
 0, 14, 28
 0, 14, 34
 0, 14, 35
 0, 14, 37
 0, 14, 38
 0, 15, 11
 0, 15, 18
 0, 15, 19
 0, 15, 23
 0, 15, 26
 0, 15, 38
 0, 15, 39
 0, 16, 12
 0, 16, 13
 0, 16, 19
 0, 16, 24
 0, 16, 26
 0, 16, 30
 0, 16, 34
 0, 16, 38
 0, 17, 6
 0, 17, 8
 0, 17, 9
 0, 17, 11
 0, 17, 13
 0, 17, 18
 0, 17, 19
 0, 17, 23
 0, 17, 26
 0, 17, 28
 0, 17, 35
 0, 17, 38
 0, 17, 39
 0, 17, 40
 0, 18, 1
 0, 18, 5
 0, 18, 6
 0, 18, 8
 0, 18, 9
 0, 18, 11
 0, 18, 12
 0, 18, 13
 0, 18, 14
 0, 18, 15
 0, 18, 17
 0, 18, 26
 0, 18, 28
 0, 18, 35
 0, 18, 37
 0, 18, 38
 0, 18, 39
 0, 18, 40
 0, 18, 42
 0, 19, 5
 0, 19, 7
 0, 19, 11
 0, 19, 12
 0, 19, 13
 0, 19, 14
 0, 19, 15
 0, 19, 16
 0, 19, 17
 0, 19, 26
 0, 19, 28
 0, 19, 38
 0, 19, 39
 0, 19, 40
 0, 20, 13
 0, 20, 40
 0, 20, 42
 0, 21, 38
 0, 21, 39
 0, 23, 12
 0, 23, 13
 0, 23, 14
 0, 23, 15
 0, 23, 17
 0, 23, 26
 0, 23, 38
 0, 23, 39
 0, 24, 11
 0, 24, 14
 0, 24, 16
 0, 24, 38
 0, 24, 39
 0, 24, 40
 0, 24, 42
 0, 26, 1
 0, 26, 2
 0, 26, 5
 0, 26, 6
 0, 26, 7
 0, 26, 8
 0, 26, 9
 0, 26, 11
 0, 26, 12
 0, 26, 13
 0, 26, 14
 0, 26, 15
 0, 26, 16
 0, 26, 17
 0, 26, 18
 0, 26, 19
 0, 26, 23
 0, 26, 35
 0, 26, 38
 0, 26, 39
 0, 26, 40
 0, 26, 42
 0, 27, 1
 0, 27, 2
 0, 27, 4
 0, 27, 5
 0, 27, 10
 0, 27, 13
 0, 27, 28
 0, 27, 38
 0, 27, 39
 0, 27, 40
 0, 28, 1
 0, 28, 2
 0, 28, 4
 0, 28, 5
 0, 28, 6
 0, 28, 7
 0, 28, 8
 0, 28, 9
 0, 28, 10
 0, 28, 11
 0, 28, 12
 0, 28, 13
 0, 28, 14
 0, 28, 17
 0, 28, 18
 0, 28, 19
 0, 28, 27
 0, 28, 30
 0, 28, 33
 0, 28, 35
 0, 28, 37
 0, 29, 2
 0, 29, 4
 0, 29, 5
 0, 29, 8
 0, 29, 10
 0, 29, 13
 0, 29, 35
 0, 29, 37
 0, 29, 38
 0, 29, 40
 0, 30, 1
 0, 30, 2
 0, 30, 6
 0, 30, 7
 0, 30, 13
 0, 30, 16
 0, 30, 28
 0, 30, 33
 0, 30, 35
 0, 30, 37
 0, 30, 38
 0, 30, 40
 0, 33, 2
 0, 33, 4
 0, 33, 5
 0, 33, 6
 0, 33, 7
 0, 33, 8
 0, 33, 9
 0, 33, 13
 0, 33, 28
 0, 33, 30
 0, 33, 35
 0, 33, 37
 0, 33, 39
 0, 33, 42
 0, 34, 5
 0, 34, 6
 0, 34, 7
 0, 34, 13
 0, 34, 14
 0, 34, 16
 0, 34, 38
 0, 34, 39
 0, 34, 40
 0, 34, 42
 0, 35, 1
 0, 35, 2
 0, 35, 4
 0, 35, 5
 0, 35, 6
 0, 35, 7
 0, 35, 8
 0, 35, 9
 0, 35, 10
 0, 35, 11
 0, 35, 12
 0, 35, 13
 0, 35, 14
 0, 35, 17
 0, 35, 18
 0, 35, 26
 0, 35, 28
 0, 35, 29
 0, 35, 30
 0, 35, 33
 0, 35, 38
 0, 35, 39
 0, 35, 40
 0, 35, 42
 0, 37, 1
 0, 37, 2
 0, 37, 4
 0, 37, 5
 0, 37, 6
 0, 37, 7
 0, 37, 9
 0, 37, 10
 0, 37, 11
 0, 37, 12
 0, 37, 13
 0, 37, 14
 0, 37, 18
 0, 37, 28
 0, 37, 29
 0, 37, 30
 0, 37, 33
 0, 37, 38
 0, 37, 40
 0, 37, 42
 0, 38, 1
 0, 38, 2
 0, 38, 6
 0, 38, 7
 0, 38, 8
 0, 38, 9
 0, 38, 10
 0, 38, 11
 0, 38, 12
 0, 38, 13
 0, 38, 14
 0, 38, 15
 0, 38, 16
 0, 38, 17
 0, 38, 18
 0, 38, 19
 0, 38, 21
 0, 38, 23
 0, 38, 24
 0, 38, 26
 0, 38, 27
 0, 38, 29
 0, 38, 30
 0, 38, 34
 0, 38, 35
 0, 38, 37
 0, 38, 39
 0, 38, 40
 0, 39, 1
 0, 39, 2
 0, 39, 5
 0, 39, 6
 0, 39, 7
 0, 39, 8
 0, 39, 9
 0, 39, 10
 0, 39, 11
 0, 39, 13
 0, 39, 15
 0, 39, 17
 0, 39, 18
 0, 39, 19
 0, 39, 21
 0, 39, 23
 0, 39, 24
 0, 39, 26
 0, 39, 27
 0, 39, 33
 0, 39, 34
 0, 39, 35
 0, 39, 38
 0, 39, 42
 0, 40, 1
 0, 40, 2
 0, 40, 4
 0, 40, 7
 0, 40, 8
 0, 40, 9
 0, 40, 10
 0, 40, 11
 0, 40, 13
 0, 40, 17
 0, 40, 18
 0, 40, 19
 0, 40, 20
 0, 40, 24
 0, 40, 26
 0, 40, 27
 0, 40, 29
 0, 40, 30
 0, 40, 34
 0, 40, 35
 0, 40, 37
 0, 40, 38
 0, 40, 42
 0, 42, 13
 0, 42, 18
 0, 42, 20
 0, 42, 24
 0, 42, 26
 0, 42, 33
 0, 42, 34
 0, 42, 35
 0, 42, 37
 0, 42, 39
 0, 42, 40
 1, 2, 10
 1, 2, 25
 1, 2, 26
 1, 2, 27
 1, 2, 28
 1, 2, 30
 1, 2, 35
 1, 2, 36
 1, 2, 37
 1, 2, 38
 1, 2, 39
 1, 2, 40
 1, 4, 27
 1, 4, 28
 1, 4, 35
 1, 4, 36
 1, 4, 37
 1, 4, 40
 1, 5, 18
 1, 5, 26
 1, 5, 27
 1, 5, 28
 1, 5, 35
 1, 5, 36
 1, 5, 37
 1, 5, 39
 1, 6, 13
 1, 6, 18
 1, 6, 26
 1, 6, 28
 1, 6, 30
 1, 6, 35
 1, 6, 37
 1, 6, 38
 1, 6, 39
 1, 10, 2
 1, 10, 13
 1, 10, 27
 1, 10, 28
 1, 10, 35
 1, 10, 36
 1, 10, 37
 1, 10, 38
 1, 10, 39
 1, 10, 40
 1, 11, 13
 1, 11, 18
 1, 11, 25
 1, 11, 26
 1, 11, 28
 1, 11, 35
 1, 11, 36
 1, 11, 37
 1, 11, 38
 1, 11, 39
 1, 11, 40
 1, 13, 6
 1, 13, 10
 1, 13, 11
 1, 13, 18
 1, 13, 26
 1, 13, 27
 1, 13, 28
 1, 13, 30
 1, 13, 35
 1, 13, 36
 1, 13, 37
 1, 13, 38
 1, 13, 39
 1, 13, 40
 1, 18, 5
 1, 18, 6
 1, 18, 11
 1, 18, 13
 1, 18, 26
 1, 18, 28
 1, 18, 35
 1, 18, 37
 1, 18, 38
 1, 18, 39
 1, 18, 40
 1, 25, 2
 1, 25, 11
 1, 25, 28
 1, 25, 36
 1, 25, 37
 1, 25, 38
 1, 25, 40
 1, 26, 2
 1, 26, 5
 1, 26, 6
 1, 26, 11
 1, 26, 13
 1, 26, 18
 1, 26, 35
 1, 26, 38
 1, 26, 39
 1, 26, 40
 1, 27, 2
 1, 27, 4
 1, 27, 5
 1, 27, 10
 1, 27, 13
 1, 27, 28
 1, 27, 38
 1, 27, 39
 1, 27, 40
 1, 28, 2
 1, 28, 4
 1, 28, 5
 1, 28, 6
 1, 28, 10
 1, 28, 11
 1, 28, 13
 1, 28, 18
 1, 28, 25
 1, 28, 27
 1, 28, 30
 1, 28, 35
 1, 28, 36
 1, 28, 37
 1, 30, 2
 1, 30, 6
 1, 30, 13
 1, 30, 28
 1, 30, 35
 1, 30, 37
 1, 30, 38
 1, 30, 40
 1, 35, 2
 1, 35, 4
 1, 35, 5
 1, 35, 6
 1, 35, 10
 1, 35, 11
 1, 35, 13
 1, 35, 18
 1, 35, 26
 1, 35, 28
 1, 35, 30
 1, 35, 38
 1, 35, 39
 1, 35, 40
 1, 36, 2
 1, 36, 4
 1, 36, 5
 1, 36, 10
 1, 36, 11
 1, 36, 13
 1, 36, 25
 1, 36, 28
 1, 36, 38
 1, 36, 39
 1, 36, 40
 1, 37, 2
 1, 37, 4
 1, 37, 5
 1, 37, 6
 1, 37, 10
 1, 37, 11
 1, 37, 13
 1, 37, 18
 1, 37, 25
 1, 37, 28
 1, 37, 30
 1, 37, 38
 1, 37, 40
 1, 38, 2
 1, 38, 6
 1, 38, 10
 1, 38, 11
 1, 38, 13
 1, 38, 18
 1, 38, 25
 1, 38, 26
 1, 38, 27
 1, 38, 30
 1, 38, 35
 1, 38, 36
 1, 38, 37
 1, 38, 39
 1, 38, 40
 1, 39, 2
 1, 39, 5
 1, 39, 6
 1, 39, 10
 1, 39, 11
 1, 39, 13
 1, 39, 18
 1, 39, 26
 1, 39, 27
 1, 39, 35
 1, 39, 36
 1, 39, 38
 1, 40, 2
 1, 40, 4
 1, 40, 10
 1, 40, 11
 1, 40, 13
 1, 40, 18
 1, 40, 25
 1, 40, 26
 1, 40, 27
 1, 40, 30
 1, 40, 35
 1, 40, 36
 1, 40, 37
 1, 40, 38
 2, 10, 27
 2, 10, 28
 2, 10, 29
 2, 10, 35
 2, 10, 36
 2, 10, 37
 2, 10, 38
 2, 10, 39
 2, 10, 40
 2, 25, 28
 2, 25, 29
 2, 25, 31
 2, 25, 36
 2, 25, 37
 2, 25, 38
 2, 25, 40
 2, 26, 35
 2, 26, 38
 2, 26, 39
 2, 26, 40
 2, 27, 10
 2, 27, 28
 2, 27, 38
 2, 27, 39
 2, 27, 40
 2, 28, 10
 2, 28, 25
 2, 28, 27
 2, 28, 30
 2, 28, 33
 2, 28, 35
 2, 28, 36
 2, 28, 37
 2, 29, 10
 2, 29, 25
 2, 29, 35
 2, 29, 36
 2, 29, 37
 2, 29, 38
 2, 29, 40
 2, 30, 28
 2, 30, 33
 2, 30, 35
 2, 30, 37
 2, 30, 38
 2, 30, 40
 2, 31, 25
 2, 31, 39
 2, 31, 40
 2, 33, 28
 2, 33, 30
 2, 33, 35
 2, 33, 37
 2, 33, 39
 2, 35, 10
 2, 35, 26
 2, 35, 28
 2, 35, 29
 2, 35, 30
 2, 35, 33
 2, 35, 38
 2, 35, 39
 2, 35, 40
 2, 36, 10
 2, 36, 25
 2, 36, 28
 2, 36, 29
 2, 36, 38
 2, 36, 39
 2, 36, 40
 2, 37, 10
 2, 37, 25
 2, 37, 28
 2, 37, 29
 2, 37, 30
 2, 37, 33
 2, 37, 38
 2, 37, 40
 2, 38, 10
 2, 38, 25
 2, 38, 26
 2, 38, 27
 2, 38, 29
 2, 38, 30
 2, 38, 35
 2, 38, 36
 2, 38, 37
 2, 38, 39
 2, 38, 40
 2, 39, 10
 2, 39, 26
 2, 39, 27
 2, 39, 31
 2, 39, 33
 2, 39, 35
 2, 39, 36
 2, 39, 38
 2, 40, 10
 2, 40, 25
 2, 40, 26
 2, 40, 27
 2, 40, 29
 2, 40, 30
 2, 40, 31
 2, 40, 35
 2, 40, 36
 2, 40, 37
 2, 40, 38
 3, 6, 18
 3, 6, 26
 3, 6, 28
 3, 6, 32
 3, 6, 33
 3, 6, 34
 3, 6, 35
 3, 6, 37
 3, 6, 38
 3, 6, 39
 3, 15, 18
 3, 15, 19
 3, 15, 26
 3, 15, 32
 3, 15, 38
 3, 15, 39
 3, 18, 6
 3, 18, 15
 3, 18, 26
 3, 18, 28
 3, 18, 35
 3, 18, 37
 3, 18, 38
 3, 18, 39
 3, 18, 40
 3, 19, 15
 3, 19, 26
 3, 19, 28
 3, 19, 38
 3, 19, 39
 3, 19, 40
 3, 26, 6
 3, 26, 15
 3, 26, 18
 3, 26, 19
 3, 26, 32
 3, 26, 35
 3, 26, 38
 3, 26, 39
 3, 26, 40
 3, 28, 6
 3, 28, 18
 3, 28, 19
 3, 28, 33
 3, 28, 35
 3, 28, 37
 3, 32, 6
 3, 32, 15
 3, 32, 26
 3, 32, 39
 3, 33, 6
 3, 33, 28
 3, 33, 35
 3, 33, 37
 3, 33, 39
 3, 34, 6
 3, 34, 38
 3, 34, 39
 3, 34, 40
 3, 35, 6
 3, 35, 18
 3, 35, 26
 3, 35, 28
 3, 35, 33
 3, 35, 38
 3, 35, 39
 3, 35, 40
 3, 37, 6
 3, 37, 18
 3, 37, 28
 3, 37, 33
 3, 37, 38
 3, 37, 40
 3, 38, 6
 3, 38, 15
 3, 38, 18
 3, 38, 19
 3, 38, 26
 3, 38, 34
 3, 38, 35
 3, 38, 37
 3, 38, 39
 3, 38, 40
 3, 39, 6
 3, 39, 15
 3, 39, 18
 3, 39, 19
 3, 39, 26
 3, 39, 32
 3, 39, 33
 3, 39, 34
 3, 39, 35
 3, 39, 38
 3, 40, 18
 3, 40, 19
 3, 40, 26
 3, 40, 34
 3, 40, 35
 3, 40, 37
 3, 40, 38
 4, 27, 28
 4, 27, 40
 4, 28, 27
 4, 28, 33
 4, 28, 35
 4, 28, 36
 4, 28, 37
 4, 29, 35
 4, 29, 36
 4, 29, 37
 4, 29, 40
 4, 31, 40
 4, 33, 28
 4, 33, 35
 4, 33, 37
 4, 35, 28
 4, 35, 29
 4, 35, 33
 4, 35, 40
 4, 36, 28
 4, 36, 29
 4, 36, 40
 4, 37, 28
 4, 37, 29
 4, 37, 33
 4, 37, 40
 4, 40, 27
 4, 40, 29
 4, 40, 31
 4, 40, 35
 4, 40, 36
 4, 40, 37
 5, 18, 26
 5, 18, 28
 5, 18, 35
 5, 18, 37
 5, 18, 39
 5, 19, 26
 5, 19, 28
 5, 19, 39
 5, 26, 18
 5, 26, 19
 5, 26, 32
 5, 26, 35
 5, 26, 39
 5, 27, 28
 5, 27, 39
 5, 28, 18
 5, 28, 19
 5, 28, 27
 5, 28, 33
 5, 28, 35
 5, 28, 36
 5, 28, 37
 5, 29, 35
 5, 29, 36
 5, 29, 37
 5, 32, 26
 5, 32, 39
 5, 33, 28
 5, 33, 35
 5, 33, 37
 5, 33, 39
 5, 34, 39
 5, 35, 18
 5, 35, 26
 5, 35, 28
 5, 35, 29
 5, 35, 33
 5, 35, 39
 5, 36, 28
 5, 36, 29
 5, 36, 39
 5, 37, 18
 5, 37, 28
 5, 37, 29
 5, 37, 33
 5, 39, 18
 5, 39, 19
 5, 39, 26
 5, 39, 27
 5, 39, 32
 5, 39, 33
 5, 39, 34
 5, 39, 35
 5, 39, 36
 6, 7, 9
 6, 7, 26
 6, 7, 28
 6, 7, 30
 6, 7, 32
 6, 7, 33
 6, 7, 34
 6, 7, 35
 6, 7, 37
 6, 7, 38
 6, 7, 39
 6, 7, 41
 6, 8, 13
 6, 8, 17
 6, 8, 18
 6, 8, 26
 6, 8, 28
 6, 8, 33
 6, 8, 35
 6, 8, 38
 6, 8, 39
 6, 8, 41
 6, 9, 7
 6, 9, 13
 6, 9, 17
 6, 9, 18
 6, 9, 26
 6, 9, 28
 6, 9, 33
 6, 9, 35
 6, 9, 37
 6, 9, 38
 6, 9, 39
 6, 9, 41
 6, 13, 8
 6, 13, 9
 6, 13, 17
 6, 13, 18
 6, 13, 26
 6, 13, 28
 6, 13, 30
 6, 13, 33
 6, 13, 34
 6, 13, 35
 6, 13, 37
 6, 13, 38
 6, 13, 39
 6, 13, 41
 6, 14, 18
 6, 14, 26
 6, 14, 28
 6, 14, 32
 6, 14, 34
 6, 14, 35
 6, 14, 37
 6, 14, 38
 6, 17, 8
 6, 17, 9
 6, 17, 13
 6, 17, 18
 6, 17, 26
 6, 17, 28
 6, 17, 35
 6, 17, 38
 6, 17, 39
 6, 18, 8
 6, 18, 9
 6, 18, 13
 6, 18, 14
 6, 18, 17
 6, 18, 26
 6, 18, 28
 6, 18, 35
 6, 18, 37
 6, 18, 38
 6, 18, 39
 6, 18, 41
 6, 26, 7
 6, 26, 8
 6, 26, 9
 6, 26, 13
 6, 26, 14
 6, 26, 17
 6, 26, 18
 6, 26, 32
 6, 26, 35
 6, 26, 38
 6, 26, 39
 6, 26, 41
 6, 28, 7
 6, 28, 8
 6, 28, 9
 6, 28, 13
 6, 28, 14
 6, 28, 17
 6, 28, 18
 6, 28, 30
 6, 28, 33
 6, 28, 35
 6, 28, 37
 6, 30, 7
 6, 30, 13
 6, 30, 28
 6, 30, 32
 6, 30, 33
 6, 30, 35
 6, 30, 37
 6, 30, 38
 6, 30, 41
 6, 32, 7
 6, 32, 14
 6, 32, 26
 6, 32, 30
 6, 32, 39
 6, 32, 41
 6, 33, 7
 6, 33, 8
 6, 33, 9
 6, 33, 13
 6, 33, 28
 6, 33, 30
 6, 33, 35
 6, 33, 37
 6, 33, 39
 6, 33, 41
 6, 34, 7
 6, 34, 13
 6, 34, 14
 6, 34, 38
 6, 34, 39
 6, 34, 41
 6, 35, 7
 6, 35, 8
 6, 35, 9
 6, 35, 13
 6, 35, 14
 6, 35, 17
 6, 35, 18
 6, 35, 26
 6, 35, 28
 6, 35, 30
 6, 35, 33
 6, 35, 38
 6, 35, 39
 6, 35, 41
 6, 37, 7
 6, 37, 9
 6, 37, 13
 6, 37, 14
 6, 37, 18
 6, 37, 28
 6, 37, 30
 6, 37, 33
 6, 37, 38
 6, 37, 41
 6, 38, 7
 6, 38, 8
 6, 38, 9
 6, 38, 13
 6, 38, 14
 6, 38, 17
 6, 38, 18
 6, 38, 26
 6, 38, 30
 6, 38, 34
 6, 38, 35
 6, 38, 37
 6, 38, 39
 6, 38, 41
 6, 39, 7
 6, 39, 8
 6, 39, 9
 6, 39, 13
 6, 39, 17
 6, 39, 18
 6, 39, 26
 6, 39, 32
 6, 39, 33
 6, 39, 34
 6, 39, 35
 6, 39, 38
 6, 39, 41
 6, 41, 7
 6, 41, 8
 6, 41, 9
 6, 41, 13
 6, 41, 18
 6, 41, 26
 6, 41, 30
 6, 41, 32
 6, 41, 33
 6, 41, 34
 6, 41, 35
 6, 41, 37
 6, 41, 38
 6, 41, 39
 7, 9, 26
 7, 9, 28
 7, 9, 33
 7, 9, 35
 7, 9, 37
 7, 9, 38
 7, 9, 39
 7, 9, 40
 7, 9, 41
 7, 19, 26
 7, 19, 28
 7, 19, 38
 7, 19, 39
 7, 19, 40
 7, 26, 9
 7, 26, 19
 7, 26, 32
 7, 26, 35
 7, 26, 38
 7, 26, 39
 7, 26, 40
 7, 26, 41
 7, 28, 9
 7, 28, 19
 7, 28, 30
 7, 28, 33
 7, 28, 35
 7, 28, 37
 7, 30, 28
 7, 30, 32
 7, 30, 33
 7, 30, 35
 7, 30, 37
 7, 30, 38
 7, 30, 40
 7, 30, 41
 7, 32, 26
 7, 32, 30
 7, 32, 39
 7, 32, 41
 7, 33, 9
 7, 33, 28
 7, 33, 30
 7, 33, 35
 7, 33, 37
 7, 33, 39
 7, 33, 41
 7, 34, 38
 7, 34, 39
 7, 34, 40
 7, 34, 41
 7, 35, 9
 7, 35, 26
 7, 35, 28
 7, 35, 30
 7, 35, 33
 7, 35, 38
 7, 35, 39
 7, 35, 40
 7, 35, 41
 7, 37, 9
 7, 37, 28
 7, 37, 30
 7, 37, 33
 7, 37, 38
 7, 37, 40
 7, 37, 41
 7, 38, 9
 7, 38, 19
 7, 38, 26
 7, 38, 30
 7, 38, 34
 7, 38, 35
 7, 38, 37
 7, 38, 39
 7, 38, 40
 7, 38, 41
 7, 39, 9
 7, 39, 19
 7, 39, 26
 7, 39, 32
 7, 39, 33
 7, 39, 34
 7, 39, 35
 7, 39, 38
 7, 39, 41
 7, 40, 9
 7, 40, 19
 7, 40, 26
 7, 40, 30
 7, 40, 34
 7, 40, 35
 7, 40, 37
 7, 40, 38
 7, 40, 41
 7, 41, 9
 7, 41, 26
 7, 41, 30
 7, 41, 32
 7, 41, 33
 7, 41, 34
 7, 41, 35
 7, 41, 37
 7, 41, 38
 7, 41, 39
 7, 41, 40
 8, 13, 17
 8, 13, 18
 8, 13, 26
 8, 13, 28
 8, 13, 29
 8, 13, 33
 8, 13, 35
 8, 13, 36
 8, 13, 38
 8, 13, 39
 8, 13, 40
 8, 13, 41
 8, 17, 13
 8, 17, 18
 8, 17, 26
 8, 17, 28
 8, 17, 35
 8, 17, 38
 8, 17, 39
 8, 17, 40
 8, 18, 13
 8, 18, 17
 8, 18, 26
 8, 18, 28
 8, 18, 35
 8, 18, 38
 8, 18, 39
 8, 18, 40
 8, 18, 41
 8, 25, 28
 8, 25, 29
 8, 25, 36
 8, 25, 38
 8, 25, 40
 8, 25, 41
 8, 26, 13
 8, 26, 17
 8, 26, 18
 8, 26, 35
 8, 26, 38
 8, 26, 39
 8, 26, 40
 8, 26, 41
 8, 28, 13
 8, 28, 17
 8, 28, 18
 8, 28, 25
 8, 28, 33
 8, 28, 35
 8, 28, 36
 8, 29, 13
 8, 29, 25
 8, 29, 35
 8, 29, 36
 8, 29, 38
 8, 29, 40
 8, 33, 13
 8, 33, 28
 8, 33, 35
 8, 33, 39
 8, 33, 41
 8, 35, 13
 8, 35, 17
 8, 35, 18
 8, 35, 26
 8, 35, 28
 8, 35, 29
 8, 35, 33
 8, 35, 38
 8, 35, 39
 8, 35, 40
 8, 35, 41
 8, 36, 13
 8, 36, 25
 8, 36, 28
 8, 36, 29
 8, 36, 38
 8, 36, 39
 8, 36, 40
 8, 36, 41
 8, 38, 13
 8, 38, 17
 8, 38, 18
 8, 38, 25
 8, 38, 26
 8, 38, 29
 8, 38, 35
 8, 38, 36
 8, 38, 39
 8, 38, 40
 8, 38, 41
 8, 39, 13
 8, 39, 17
 8, 39, 18
 8, 39, 26
 8, 39, 33
 8, 39, 35
 8, 39, 36
 8, 39, 38
 8, 39, 41
 8, 40, 13
 8, 40, 17
 8, 40, 18
 8, 40, 25
 8, 40, 26
 8, 40, 29
 8, 40, 35
 8, 40, 36
 8, 40, 38
 8, 40, 41
 8, 41, 13
 8, 41, 18
 8, 41, 25
 8, 41, 26
 8, 41, 33
 8, 41, 35
 8, 41, 36
 8, 41, 38
 8, 41, 39
 8, 41, 40
 9, 11, 13
 9, 11, 17
 9, 11, 18
 9, 11, 26
 9, 11, 28
 9, 11, 35
 9, 11, 37
 9, 11, 38
 9, 11, 39
 9, 11, 40
 9, 13, 11
 9, 13, 17
 9, 13, 18
 9, 13, 26
 9, 13, 28
 9, 13, 33
 9, 13, 35
 9, 13, 37
 9, 13, 38
 9, 13, 39
 9, 13, 40
 9, 13, 41
 9, 17, 11
 9, 17, 13
 9, 17, 18
 9, 17, 26
 9, 17, 28
 9, 17, 35
 9, 17, 38
 9, 17, 39
 9, 17, 40
 9, 18, 11
 9, 18, 13
 9, 18, 17
 9, 18, 26
 9, 18, 28
 9, 18, 35
 9, 18, 37
 9, 18, 38
 9, 18, 39
 9, 18, 40
 9, 18, 41
 9, 26, 11
 9, 26, 13
 9, 26, 17
 9, 26, 18
 9, 26, 35
 9, 26, 38
 9, 26, 39
 9, 26, 40
 9, 26, 41
 9, 28, 11
 9, 28, 13
 9, 28, 17
 9, 28, 18
 9, 28, 33
 9, 28, 35
 9, 28, 37
 9, 33, 13
 9, 33, 28
 9, 33, 35
 9, 33, 37
 9, 33, 39
 9, 33, 41
 9, 35, 11
 9, 35, 13
 9, 35, 17
 9, 35, 18
 9, 35, 26
 9, 35, 28
 9, 35, 33
 9, 35, 38
 9, 35, 39
 9, 35, 40
 9, 35, 41
 9, 37, 11
 9, 37, 13
 9, 37, 18
 9, 37, 28
 9, 37, 33
 9, 37, 38
 9, 37, 40
 9, 37, 41
 9, 38, 11
 9, 38, 13
 9, 38, 17
 9, 38, 18
 9, 38, 26
 9, 38, 35
 9, 38, 37
 9, 38, 39
 9, 38, 40
 9, 38, 41
 9, 39, 11
 9, 39, 13
 9, 39, 17
 9, 39, 18
 9, 39, 26
 9, 39, 33
 9, 39, 35
 9, 39, 38
 9, 39, 41
 9, 40, 11
 9, 40, 13
 9, 40, 17
 9, 40, 18
 9, 40, 26
 9, 40, 35
 9, 40, 37
 9, 40, 38
 9, 40, 41
 9, 41, 13
 9, 41, 18
 9, 41, 26
 9, 41, 33
 9, 41, 35
 9, 41, 37
 9, 41, 38
 9, 41, 39
 9, 41, 40
 10, 13, 27
 10, 13, 28
 10, 13, 29
 10, 13, 35
 10, 13, 36
 10, 13, 37
 10, 13, 38
 10, 13, 39
 10, 13, 40
 10, 13, 41
 10, 27, 13
 10, 27, 28
 10, 27, 38
 10, 27, 39
 10, 27, 40
 10, 27, 41
 10, 28, 13
 10, 28, 27
 10, 28, 35
 10, 28, 36
 10, 28, 37
 10, 29, 13
 10, 29, 35
 10, 29, 36
 10, 29, 37
 10, 29, 38
 10, 29, 40
 10, 35, 13
 10, 35, 28
 10, 35, 29
 10, 35, 38
 10, 35, 39
 10, 35, 40
 10, 35, 41
 10, 36, 13
 10, 36, 28
 10, 36, 29
 10, 36, 38
 10, 36, 39
 10, 36, 40
 10, 36, 41
 10, 37, 13
 10, 37, 28
 10, 37, 29
 10, 37, 38
 10, 37, 40
 10, 37, 41
 10, 38, 13
 10, 38, 27
 10, 38, 29
 10, 38, 35
 10, 38, 36
 10, 38, 37
 10, 38, 39
 10, 38, 40
 10, 38, 41
 10, 39, 13
 10, 39, 27
 10, 39, 35
 10, 39, 36
 10, 39, 38
 10, 39, 41
 10, 40, 13
 10, 40, 27
 10, 40, 29
 10, 40, 35
 10, 40, 36
 10, 40, 37
 10, 40, 38
 10, 40, 41
 10, 41, 13
 10, 41, 27
 10, 41, 35
 10, 41, 36
 10, 41, 37
 10, 41, 38
 10, 41, 39
 10, 41, 40
 11, 12, 13
 11, 12, 18
 11, 12, 19
 11, 12, 26
 11, 12, 28
 11, 12, 35
 11, 12, 37
 11, 12, 38
 11, 13, 12
 11, 13, 17
 11, 13, 18
 11, 13, 19
 11, 13, 26
 11, 13, 28
 11, 13, 35
 11, 13, 36
 11, 13, 37
 11, 13, 38
 11, 13, 39
 11, 13, 40
 11, 14, 18
 11, 14, 19
 11, 14, 24
 11, 14, 26
 11, 14, 28
 11, 14, 35
 11, 14, 37
 11, 14, 38
 11, 15, 18
 11, 15, 19
 11, 15, 26
 11, 15, 38
 11, 15, 39
 11, 17, 13
 11, 17, 18
 11, 17, 19
 11, 17, 26
 11, 17, 28
 11, 17, 35
 11, 17, 38
 11, 17, 39
 11, 17, 40
 11, 18, 12
 11, 18, 13
 11, 18, 14
 11, 18, 15
 11, 18, 17
 11, 18, 26
 11, 18, 28
 11, 18, 35
 11, 18, 37
 11, 18, 38
 11, 18, 39
 11, 18, 40
 11, 19, 12
 11, 19, 13
 11, 19, 14
 11, 19, 15
 11, 19, 17
 11, 19, 26
 11, 19, 28
 11, 19, 38
 11, 19, 39
 11, 19, 40
 11, 24, 14
 11, 24, 38
 11, 24, 39
 11, 24, 40
 11, 25, 28
 11, 25, 36
 11, 25, 37
 11, 25, 38
 11, 25, 40
 11, 26, 12
 11, 26, 13
 11, 26, 14
 11, 26, 15
 11, 26, 17
 11, 26, 18
 11, 26, 19
 11, 26, 35
 11, 26, 38
 11, 26, 39
 11, 26, 40
 11, 28, 12
 11, 28, 13
 11, 28, 14
 11, 28, 17
 11, 28, 18
 11, 28, 19
 11, 28, 25
 11, 28, 35
 11, 28, 36
 11, 28, 37
 11, 35, 12
 11, 35, 13
 11, 35, 14
 11, 35, 17
 11, 35, 18
 11, 35, 26
 11, 35, 28
 11, 35, 38
 11, 35, 39
 11, 35, 40
 11, 36, 13
 11, 36, 25
 11, 36, 28
 11, 36, 38
 11, 36, 39
 11, 36, 40
 11, 37, 12
 11, 37, 13
 11, 37, 14
 11, 37, 18
 11, 37, 25
 11, 37, 28
 11, 37, 38
 11, 37, 40
 11, 38, 12
 11, 38, 13
 11, 38, 14
 11, 38, 15
 11, 38, 17
 11, 38, 18
 11, 38, 19
 11, 38, 24
 11, 38, 25
 11, 38, 26
 11, 38, 35
 11, 38, 36
 11, 38, 37
 11, 38, 39
 11, 38, 40
 11, 39, 13
 11, 39, 15
 11, 39, 17
 11, 39, 18
 11, 39, 19
 11, 39, 24
 11, 39, 26
 11, 39, 35
 11, 39, 36
 11, 39, 38
 11, 40, 13
 11, 40, 17
 11, 40, 18
 11, 40, 19
 11, 40, 24
 11, 40, 25
 11, 40, 26
 11, 40, 35
 11, 40, 36
 11, 40, 37
 11, 40, 38
 12, 13, 16
 12, 13, 18
 12, 13, 19
 12, 13, 22
 12, 13, 23
 12, 13, 26
 12, 13, 28
 12, 13, 35
 12, 13, 37
 12, 13, 38
 12, 16, 13
 12, 16, 19
 12, 16, 22
 12, 16, 26
 12, 16, 38
 12, 18, 13
 12, 18, 26
 12, 18, 28
 12, 18, 35
 12, 18, 37
 12, 18, 38
 12, 19, 13
 12, 19, 16
 12, 19, 26
 12, 19, 28
 12, 19, 38
 12, 22, 13
 12, 22, 16
 12, 22, 35
 12, 22, 37
 12, 22, 38
 12, 23, 13
 12, 23, 26
 12, 23, 38
 12, 26, 13
 12, 26, 16
 12, 26, 18
 12, 26, 19
 12, 26, 23
 12, 26, 35
 12, 26, 38
 12, 28, 13
 12, 28, 18
 12, 28, 19
 12, 28, 35
 12, 28, 37
 12, 35, 13
 12, 35, 18
 12, 35, 22
 12, 35, 26
 12, 35, 28
 12, 35, 38
 12, 37, 13
 12, 37, 18
 12, 37, 22
 12, 37, 28
 12, 37, 38
 12, 38, 13
 12, 38, 16
 12, 38, 18
 12, 38, 19
 12, 38, 22
 12, 38, 23
 12, 38, 26
 12, 38, 35
 12, 38, 37
 13, 16, 19
 13, 16, 22
 13, 16, 26
 13, 16, 30
 13, 16, 34
 13, 16, 38
 13, 17, 18
 13, 17, 19
 13, 17, 22
 13, 17, 23
 13, 17, 26
 13, 17, 28
 13, 17, 35
 13, 17, 38
 13, 17, 39
 13, 17, 40
 13, 18, 17
 13, 18, 26
 13, 18, 28
 13, 18, 35
 13, 18, 37
 13, 18, 38
 13, 18, 39
 13, 18, 40
 13, 18, 41
 13, 18, 42
 13, 19, 16
 13, 19, 17
 13, 19, 26
 13, 19, 28
 13, 19, 38
 13, 19, 39
 13, 19, 40
 13, 20, 40
 13, 20, 42
 13, 22, 16
 13, 22, 17
 13, 22, 35
 13, 22, 37
 13, 22, 38
 13, 23, 17
 13, 23, 26
 13, 23, 38
 13, 23, 39
 13, 26, 16
 13, 26, 17
 13, 26, 18
 13, 26, 19
 13, 26, 23
 13, 26, 35
 13, 26, 38
 13, 26, 39
 13, 26, 40
 13, 26, 41
 13, 26, 42
 13, 27, 28
 13, 27, 38
 13, 27, 39
 13, 27, 40
 13, 27, 41
 13, 28, 17
 13, 28, 18
 13, 28, 19
 13, 28, 27
 13, 28, 30
 13, 28, 33
 13, 28, 35
 13, 28, 36
 13, 28, 37
 13, 29, 35
 13, 29, 36
 13, 29, 37
 13, 29, 38
 13, 29, 40
 13, 30, 16
 13, 30, 28
 13, 30, 33
 13, 30, 35
 13, 30, 37
 13, 30, 38
 13, 30, 40
 13, 30, 41
 13, 33, 28
 13, 33, 30
 13, 33, 35
 13, 33, 37
 13, 33, 39
 13, 33, 41
 13, 33, 42
 13, 34, 16
 13, 34, 38
 13, 34, 39
 13, 34, 40
 13, 34, 41
 13, 34, 42
 13, 35, 17
 13, 35, 18
 13, 35, 22
 13, 35, 26
 13, 35, 28
 13, 35, 29
 13, 35, 30
 13, 35, 33
 13, 35, 38
 13, 35, 39
 13, 35, 40
 13, 35, 41
 13, 35, 42
 13, 36, 28
 13, 36, 29
 13, 36, 38
 13, 36, 39
 13, 36, 40
 13, 36, 41
 13, 37, 18
 13, 37, 22
 13, 37, 28
 13, 37, 29
 13, 37, 30
 13, 37, 33
 13, 37, 38
 13, 37, 40
 13, 37, 41
 13, 37, 42
 13, 38, 16
 13, 38, 17
 13, 38, 18
 13, 38, 19
 13, 38, 22
 13, 38, 23
 13, 38, 26
 13, 38, 27
 13, 38, 29
 13, 38, 30
 13, 38, 34
 13, 38, 35
 13, 38, 36
 13, 38, 37
 13, 38, 39
 13, 38, 40
 13, 38, 41
 13, 39, 17
 13, 39, 18
 13, 39, 19
 13, 39, 23
 13, 39, 26
 13, 39, 27
 13, 39, 33
 13, 39, 34
 13, 39, 35
 13, 39, 36
 13, 39, 38
 13, 39, 41
 13, 39, 42
 13, 40, 17
 13, 40, 18
 13, 40, 19
 13, 40, 20
 13, 40, 26
 13, 40, 27
 13, 40, 29
 13, 40, 30
 13, 40, 34
 13, 40, 35
 13, 40, 36
 13, 40, 37
 13, 40, 38
 13, 40, 41
 13, 40, 42
 13, 41, 18
 13, 41, 26
 13, 41, 27
 13, 41, 30
 13, 41, 33
 13, 41, 34
 13, 41, 35
 13, 41, 36
 13, 41, 37
 13, 41, 38
 13, 41, 39
 13, 41, 40
 13, 41, 42
 13, 42, 18
 13, 42, 20
 13, 42, 26
 13, 42, 33
 13, 42, 34
 13, 42, 35
 13, 42, 37
 13, 42, 39
 13, 42, 40
 13, 42, 41
 14, 18, 26
 14, 18, 28
 14, 18, 35
 14, 18, 37
 14, 18, 38
 14, 19, 26
 14, 19, 28
 14, 19, 38
 14, 22, 35
 14, 22, 37
 14, 22, 38
 14, 23, 26
 14, 23, 32
 14, 23, 38
 14, 24, 38
 14, 26, 18
 14, 26, 19
 14, 26, 23
 14, 26, 32
 14, 26, 35
 14, 26, 38
 14, 28, 18
 14, 28, 19
 14, 28, 35
 14, 28, 37
 14, 32, 23
 14, 32, 26
 14, 34, 38
 14, 35, 18
 14, 35, 22
 14, 35, 26
 14, 35, 28
 14, 35, 38
 14, 37, 18
 14, 37, 22
 14, 37, 28
 14, 37, 38
 14, 38, 18
 14, 38, 19
 14, 38, 22
 14, 38, 23
 14, 38, 24
 14, 38, 26
 14, 38, 34
 14, 38, 35
 14, 38, 37
 15, 18, 26
 15, 18, 38
 15, 18, 39
 15, 19, 26
 15, 19, 38
 15, 19, 39
 15, 22, 38
 15, 23, 26
 15, 23, 32
 15, 23, 38
 15, 23, 39
 15, 26, 18
 15, 26, 19
 15, 26, 23
 15, 26, 32
 15, 26, 38
 15, 26, 39
 15, 32, 23
 15, 32, 26
 15, 32, 39
 15, 38, 18
 15, 38, 19
 15, 38, 22
 15, 38, 23
 15, 38, 26
 15, 38, 39
 15, 39, 18
 15, 39, 19
 15, 39, 23
 15, 39, 26
 15, 39, 32
 15, 39, 38
 16, 19, 26
 16, 19, 38
 16, 22, 38
 16, 24, 38
 16, 26, 19
 16, 26, 32
 16, 26, 38
 16, 30, 32
 16, 30, 38
 16, 32, 26
 16, 32, 30
 16, 34, 38
 16, 38, 19
 16, 38, 22
 16, 38, 24
 16, 38, 26
 16, 38, 30
 16, 38, 34
 17, 18, 26
 17, 18, 28
 17, 18, 35
 17, 18, 38
 17, 18, 39
 17, 18, 40
 17, 19, 26
 17, 19, 28
 17, 19, 38
 17, 19, 39
 17, 19, 40
 17, 22, 35
 17, 22, 38
 17, 23, 26
 17, 23, 38
 17, 23, 39
 17, 26, 18
 17, 26, 19
 17, 26, 23
 17, 26, 35
 17, 26, 38
 17, 26, 39
 17, 26, 40
 17, 28, 18
 17, 28, 19
 17, 28, 35
 17, 35, 18
 17, 35, 22
 17, 35, 26
 17, 35, 28
 17, 35, 38
 17, 35, 39
 17, 35, 40
 17, 38, 18
 17, 38, 19
 17, 38, 22
 17, 38, 23
 17, 38, 26
 17, 38, 35
 17, 38, 39
 17, 38, 40
 17, 39, 18
 17, 39, 19
 17, 39, 23
 17, 39, 26
 17, 39, 35
 17, 39, 38
 17, 40, 18
 17, 40, 19
 17, 40, 26
 17, 40, 35
 17, 40, 38
 18, 26, 35
 18, 26, 38
 18, 26, 39
 18, 26, 40
 18, 26, 41
 18, 26, 42
 18, 28, 35
 18, 28, 37
 18, 35, 26
 18, 35, 28
 18, 35, 38
 18, 35, 39
 18, 35, 40
 18, 35, 41
 18, 35, 42
 18, 37, 28
 18, 37, 38
 18, 37, 40
 18, 37, 41
 18, 37, 42
 18, 38, 26
 18, 38, 35
 18, 38, 37
 18, 38, 39
 18, 38, 40
 18, 38, 41
 18, 39, 26
 18, 39, 35
 18, 39, 38
 18, 39, 41
 18, 39, 42
 18, 40, 26
 18, 40, 35
 18, 40, 37
 18, 40, 38
 18, 40, 41
 18, 40, 42
 18, 41, 26
 18, 41, 35
 18, 41, 37
 18, 41, 38
 18, 41, 39
 18, 41, 40
 18, 41, 42
 18, 42, 26
 18, 42, 35
 18, 42, 37
 18, 42, 39
 18, 42, 40
 18, 42, 41
 19, 26, 38
 19, 26, 39
 19, 26, 40
 19, 38, 26
 19, 38, 39
 19, 38, 40
 19, 39, 26
 19, 39, 38
 19, 40, 26
 19, 40, 38
 20, 40, 42
 20, 42, 40
 21, 38, 39
 21, 38, 41
 21, 39, 38
 21, 39, 41
 21, 41, 38
 21, 41, 39
 22, 35, 38
 22, 37, 38
 22, 38, 35
 22, 38, 37
 23, 26, 32
 23, 26, 38
 23, 26, 39
 23, 32, 26
 23, 32, 39
 23, 38, 26
 23, 38, 39
 23, 39, 26
 23, 39, 32
 23, 39, 38
 24, 38, 39
 24, 38, 40
 24, 38, 41
 24, 39, 38
 24, 39, 41
 24, 39, 42
 24, 40, 38
 24, 40, 41
 24, 40, 42
 24, 41, 38
 24, 41, 39
 24, 41, 40
 24, 41, 42
 24, 42, 39
 24, 42, 40
 24, 42, 41
 25, 28, 36
 25, 28, 37
 25, 29, 36
 25, 29, 37
 25, 29, 38
 25, 29, 40
 25, 31, 40
 25, 31, 41
 25, 36, 28
 25, 36, 29
 25, 36, 38
 25, 36, 40
 25, 36, 41
 25, 37, 28
 25, 37, 29
 25, 37, 38
 25, 37, 40
 25, 37, 41
 25, 38, 29
 25, 38, 36
 25, 38, 37
 25, 38, 40
 25, 38, 41
 25, 40, 29
 25, 40, 31
 25, 40, 36
 25, 40, 37
 25, 40, 38
 25, 40, 41
 25, 41, 31
 25, 41, 36
 25, 41, 37
 25, 41, 38
 25, 41, 40
 26, 32, 39
 26, 32, 41
 26, 32, 42
 26, 35, 38
 26, 35, 39
 26, 35, 40
 26, 35, 41
 26, 35, 42
 26, 38, 35
 26, 38, 39
 26, 38, 40
 26, 38, 41
 26, 39, 32
 26, 39, 35
 26, 39, 38
 26, 39, 41
 26, 39, 42
 26, 40, 35
 26, 40, 38
 26, 40, 41
 26, 40, 42
 26, 41, 32
 26, 41, 35
 26, 41, 38
 26, 41, 39
 26, 41, 40
 26, 41, 42
 26, 42, 32
 26, 42, 35
 26, 42, 39
 26, 42, 40
 26, 42, 41
 27, 38, 39
 27, 38, 40
 27, 38, 41
 27, 39, 38
 27, 39, 41
 27, 40, 38
 27, 40, 41
 27, 41, 38
 27, 41, 39
 27, 41, 40
 28, 30, 33
 28, 30, 35
 28, 30, 37
 28, 33, 30
 28, 33, 35
 28, 33, 37
 28, 35, 30
 28, 35, 33
 28, 37, 30
 28, 37, 33
 29, 35, 38
 29, 35, 40
 29, 36, 38
 29, 36, 40
 29, 37, 38
 29, 37, 40
 29, 38, 35
 29, 38, 36
 29, 38, 37
 29, 38, 40
 29, 40, 35
 29, 40, 36
 29, 40, 37
 29, 40, 38
 30, 32, 41
 30, 33, 35
 30, 33, 37
 30, 33, 41
 30, 35, 33
 30, 35, 38
 30, 35, 40
 30, 35, 41
 30, 37, 33
 30, 37, 38
 30, 37, 40
 30, 37, 41
 30, 38, 35
 30, 38, 37
 30, 38, 40
 30, 38, 41
 30, 40, 35
 30, 40, 37
 30, 40, 38
 30, 40, 41
 30, 41, 32
 30, 41, 33
 30, 41, 35
 30, 41, 37
 30, 41, 38
 30, 41, 40
 31, 34, 39
 31, 34, 40
 31, 34, 41
 31, 39, 34
 31, 39, 41
 31, 40, 34
 31, 40, 41
 31, 41, 34
 31, 41, 39
 31, 41, 40
 32, 39, 41
 32, 39, 42
 32, 41, 39
 32, 41, 42
 32, 42, 39
 32, 42, 41
 33, 35, 39
 33, 35, 41
 33, 35, 42
 33, 37, 41
 33, 37, 42
 33, 39, 35
 33, 39, 41
 33, 39, 42
 33, 41, 35
 33, 41, 37
 33, 41, 39
 33, 41, 42
 33, 42, 35
 33, 42, 37
 33, 42, 39
 33, 42, 41
 34, 38, 39
 34, 38, 40
 34, 38, 41
 34, 39, 38
 34, 39, 41
 34, 39, 42
 34, 40, 38
 34, 40, 41
 34, 40, 42
 34, 41, 38
 34, 41, 39
 34, 41, 40
 34, 41, 42
 34, 42, 39
 34, 42, 40
 34, 42, 41
 35, 38, 39
 35, 38, 40
 35, 38, 41
 35, 39, 38
 35, 39, 41
 35, 39, 42
 35, 40, 38
 35, 40, 41
 35, 40, 42
 35, 41, 38
 35, 41, 39
 35, 41, 40
 35, 41, 42
 35, 42, 39
 35, 42, 40
 35, 42, 41
 36, 38, 39
 36, 38, 40
 36, 38, 41
 36, 39, 38
 36, 39, 41
 36, 40, 38
 36, 40, 41
 36, 41, 38
 36, 41, 39
 36, 41, 40
 37, 38, 40
 37, 38, 41
 37, 40, 38
 37, 40, 41
 37, 40, 42
 37, 41, 38
 37, 41, 40
 37, 41, 42
 37, 42, 40
 37, 42, 41
 38, 39, 41
 38, 40, 41
 38, 41, 39
 38, 41, 40
 39, 41, 42
 39, 42, 41
 40, 41, 42
 40, 42, 41
